Date,Open,High,Low,Close,Adj Close,Volume
2009-05-18,192.000000,210.750000,190.500000,208.000000,158.029404,387605
2009-05-25,202.000000,214.250000,189.750000,194.000000,147.392807,931368
2009-06-01,194.000000,211.000000,194.000000,203.000000,154.230637,361792
2009-06-08,204.250000,227.000000,200.500000,215.000000,163.347702,807346
2009-06-15,215.000000,215.000000,189.250000,198.500000,150.811707,563958
2009-06-22,198.750000,198.750000,181.000000,188.750000,143.404068,476985
2009-06-29,188.750000,195.750000,186.000000,188.000000,142.834274,439269
2009-07-06,187.250000,187.250000,179.000000,179.750000,136.566330,390362
2009-07-13,178.000000,197.000000,176.000000,197.000000,149.672089,330493
2009-07-20,197.500000,207.000000,195.000000,200.000000,151.951355,891898
2009-07-27,202.500000,226.000000,199.750000,226.000000,171.705017,3047881
2009-08-03,228.000000,242.500000,227.750000,238.500000,181.201981,1484777
2009-08-10,242.000000,254.000000,242.000000,248.000000,188.419678,2419829
2009-08-17,242.750000,258.000000,231.500000,257.000000,195.257507,3313586
2009-08-24,271.000000,290.000000,264.500000,288.000000,220.560440,3690908
2009-08-31,290.000000,290.000000,273.500000,284.000000,217.497086,3585423
2009-09-07,293.000000,303.500000,286.000000,294.500000,225.538330,1156367
2009-09-14,290.000000,300.000000,286.500000,288.750000,221.134842,1580957
2009-09-21,287.500000,290.000000,279.500000,279.500000,214.050858,1588581
2009-09-28,281.500000,283.500000,254.000000,254.000000,194.522049,2205167
2009-10-05,267.000000,282.000000,265.000000,278.000000,212.902084,1439653
2009-10-12,280.000000,297.500000,274.000000,291.500000,223.240860,1707684
2009-10-19,297.000000,304.000000,286.000000,290.500000,222.475052,641490
2009-10-26,287.000000,288.500000,264.000000,268.000000,205.243729,1977957
2009-11-02,267.000000,279.500000,267.000000,275.000000,210.604584,1372829
2009-11-09,284.000000,300.000000,282.000000,299.000000,228.984634,1815950
2009-11-16,303.500000,337.500000,301.000000,337.500000,258.469269,4882691
2009-11-23,329.000000,334.500000,307.500000,317.000000,242.769669,1478231
2009-11-30,319.000000,343.000000,312.500000,340.000000,260.383820,1697674
2009-12-07,338.000000,342.500000,332.000000,340.500000,260.766724,926471
2009-12-14,347.000000,354.500000,346.000000,349.000000,267.276367,763725
2009-12-21,344.000000,371.000000,344.000000,370.000000,283.358856,979690
2009-12-28,373.500000,378.500000,366.500000,367.000000,281.061401,250906
2010-01-04,387.000000,390.000000,371.000000,375.899994,287.877289,1301129
2010-01-11,375.000000,379.000000,363.299988,375.000000,287.188080,2460734
2010-01-18,373.000000,375.600006,350.000000,350.000000,268.042206,1745740
2010-01-25,343.000000,349.000000,335.299988,346.600006,265.438385,2013182
2010-02-01,342.000000,355.000000,322.100006,333.899994,255.712296,2074684
2010-02-08,334.500000,337.200012,307.000000,310.899994,238.098083,2774377
2010-02-15,315.000000,346.000000,310.899994,345.799988,264.825623,2254421
2010-02-22,348.899994,355.500000,333.500000,348.000000,266.510498,3085973
2010-03-01,352.000000,367.600006,351.200012,364.100006,278.840454,2613361
2010-03-08,365.000000,383.899994,355.600006,378.799988,290.098236,2622813
2010-03-15,379.500000,392.700012,373.500000,378.399994,289.791931,1958684
2010-03-22,379.000000,391.899994,370.000000,386.000000,295.612213,1482672
2010-03-29,386.000000,389.500000,378.600006,382.399994,292.855194,695708
2010-04-05,382.399994,407.500000,382.399994,407.200012,311.847961,1373164
2010-04-12,411.000000,437.600006,410.700012,430.000000,329.308990,2453631
2010-04-19,421.500000,427.500000,413.399994,424.399994,325.020294,2183338
2010-04-26,430.500000,436.399994,409.000000,425.700012,329.851440,1658681
2010-05-03,421.000000,434.000000,360.000000,366.100006,283.670624,5343736
2010-05-10,390.000000,409.000000,381.600006,395.000000,306.063629,2640629
2010-05-17,385.000000,411.600006,362.500000,371.399994,287.777252,4889941
2010-05-24,371.399994,390.000000,350.100006,379.100006,293.743622,2582514
2010-05-31,379.500000,396.600006,369.000000,380.000000,294.440948,2314491
2010-06-07,373.000000,416.500000,367.399994,413.500000,320.398254,3632715
2010-06-14,419.000000,438.799988,417.299988,425.000000,329.308990,2766539
2010-06-21,432.500000,435.000000,400.500000,405.500000,314.199524,2072123
2010-06-28,409.000000,414.799988,377.000000,384.600006,298.005280,2648839
2010-07-05,388.500000,410.000000,384.200012,404.600006,313.502197,1497822
2010-07-12,403.399994,418.799988,390.200012,395.000000,306.063629,1723336
2010-07-19,394.500000,406.899994,381.000000,402.899994,312.184967,1380715
2010-07-26,404.500000,415.000000,396.600006,407.299988,315.594238,1962611
2010-08-02,410.000000,428.000000,410.000000,418.899994,324.582428,1942367
2010-08-09,423.000000,431.500000,390.100006,396.500000,307.225922,2558922
2010-08-16,398.000000,409.000000,350.100006,360.000000,278.944061,4917462
2010-08-23,361.299988,362.600006,328.799988,345.200012,267.476379,4721719
2010-08-30,351.100006,377.399994,336.500000,371.500000,287.854797,2481108
2010-09-06,375.899994,377.899994,361.399994,374.799988,290.411774,1402667
2010-09-13,376.000000,384.399994,366.299988,371.399994,287.777252,1679061
2010-09-20,373.899994,398.000000,370.299988,396.000000,306.838501,2185349
2010-09-27,397.000000,402.200012,386.600006,388.899994,301.337067,2013115
2010-10-04,389.799988,392.399994,370.000000,377.600006,292.581329,1926963
2010-10-11,381.000000,399.899994,380.100006,396.000000,306.838501,1613515
2010-10-18,392.700012,416.799988,392.600006,415.799988,322.180359,1616989
2010-10-25,416.100006,420.000000,394.100006,396.000000,306.838501,2027207
2010-11-01,400.399994,422.000000,396.899994,414.000000,320.785675,1787836
2010-11-08,412.200012,440.399994,410.200012,427.000000,330.858643,2739392
2010-11-15,427.000000,472.200012,413.299988,470.600006,364.641937,4283243
2010-11-22,477.000000,495.000000,473.299988,485.899994,376.497070,2714325
2010-11-29,485.899994,523.000000,468.000000,516.500000,400.207275,2689267
2010-12-06,516.500000,538.000000,512.000000,525.000000,406.793488,1704329
2010-12-13,526.000000,549.000000,525.000000,542.000000,419.965820,2462906
2010-12-20,542.500000,545.000000,518.500000,528.500000,409.505432,964297
2010-12-27,529.000000,532.500000,524.000000,532.000000,412.217407,274200
2011-01-03,533.000000,545.000000,502.500000,504.000000,390.521729,1564265
2011-01-10,501.500000,515.500000,491.100006,501.000000,388.197205,1948911
2011-01-17,502.000000,505.500000,471.200012,481.000000,372.700287,2043722
2011-01-24,482.100006,497.399994,473.899994,485.299988,376.032104,2015015
2011-01-31,480.000000,485.399994,460.299988,474.000000,367.276367,3008242
2011-02-07,475.899994,496.700012,471.600006,489.799988,379.518921,1753188
2011-02-14,493.899994,498.899994,460.000000,476.000000,368.826050,2710493
2011-02-21,475.200012,477.000000,455.000000,477.000000,369.600891,2329403
2011-02-28,477.600006,480.399994,461.100006,472.500000,366.114105,1586814
2011-03-07,471.100006,475.000000,450.200012,452.600006,350.694672,1546457
2011-03-14,449.500000,458.399994,425.299988,454.299988,352.011902,2546664
2011-03-21,461.000000,474.000000,437.500000,451.500000,349.842407,3823845
2011-03-28,451.000000,460.899994,438.200012,449.000000,347.905273,1943060
2011-04-04,451.000000,454.100006,443.200012,446.899994,346.278107,963454
2011-04-11,446.899994,448.899994,427.299988,428.600006,332.098450,1238678
2011-04-18,428.000000,447.000000,418.500000,444.500000,344.418457,1126001
2011-04-25,444.500000,457.799988,440.700012,454.000000,351.779449,1252398
2011-05-02,448.000000,454.600006,433.000000,447.200012,346.510529,1098760
2011-05-09,445.000000,457.600006,433.100006,443.000000,350.198425,1647750
2011-05-16,440.100006,443.799988,426.399994,433.200012,342.451416,1365028
2011-05-23,427.100006,428.899994,411.000000,423.899994,335.099609,1474372
2011-05-30,424.000000,433.799988,423.799988,428.399994,338.656891,628709
2011-06-06,424.000000,434.700012,412.799988,422.000000,333.597626,2405392
2011-06-13,422.000000,429.799988,402.000000,410.600006,324.585785,1660747
2011-06-20,408.100006,417.899994,396.500000,402.700012,318.340668,1309657
2011-06-27,399.899994,446.000000,393.399994,444.000000,350.988983,2368372
2011-07-04,447.000000,452.000000,439.000000,442.500000,349.803192,940417
2011-07-11,440.899994,440.899994,413.500000,420.000000,332.016571,979037
2011-07-18,420.000000,434.500000,405.600006,429.500000,339.526459,1063384
2011-07-25,428.899994,432.799988,393.299988,403.000000,318.577820,1454547
2011-08-01,416.500000,419.000000,327.000000,348.600006,275.573792,3788162
2011-08-08,338.000000,350.700012,293.000000,322.000000,254.546082,4758091
2011-08-15,329.700012,335.000000,255.199997,268.500000,212.253433,5070984
2011-08-22,266.500000,292.500000,263.500000,283.100006,223.795013,2465471
2011-08-29,288.500000,326.000000,288.299988,303.899994,240.237717,2334068
2011-09-05,299.000000,299.000000,280.700012,284.000000,224.506454,2864869
2011-09-12,272.200012,303.299988,263.600006,296.500000,234.387939,2470603
2011-09-19,290.500000,299.000000,258.200012,273.500000,216.206024,2076637
2011-09-26,267.200012,298.000000,266.000000,280.600006,221.818726,1978097
2011-10-03,274.100006,292.600006,261.200012,288.500000,228.063797,2062868
2011-10-10,290.000000,324.500000,287.600006,321.299988,253.992706,2228330
2011-10-17,324.899994,332.100006,305.899994,331.799988,262.293060,2551540
2011-10-24,332.200012,375.000000,332.200012,359.399994,284.111359,2667586
2011-10-31,354.600006,356.700012,318.000000,346.700012,274.071777,2793978
2011-11-07,342.000000,360.500000,331.600006,359.600006,284.269470,2607813
2011-11-14,365.000000,368.799988,337.500000,341.799988,270.198273,2166174
2011-11-21,340.000000,340.399994,308.799988,318.000000,251.384018,1648570
2011-11-28,325.000000,355.000000,323.500000,352.500000,278.656830,1919256
2011-12-05,355.000000,359.200012,320.000000,338.799988,267.826721,1701266
2011-12-12,340.000000,340.000000,301.299988,302.000000,238.735764,2550338
2011-12-19,297.500000,324.899994,297.500000,318.799988,252.016388,1701074
2011-12-26,318.799988,337.899994,313.600006,337.500000,266.799042,880181
2012-01-02,339.000000,360.500000,335.500000,353.100006,279.131104,2274482
2012-01-09,354.000000,391.000000,354.000000,382.600006,302.451294,2378862
2012-01-16,379.000000,411.500000,378.100006,405.000000,320.158844,2033397
2012-01-23,405.399994,434.799988,397.500000,417.899994,330.356567,2263106
2012-01-30,417.000000,433.799988,410.200012,433.799988,342.925751,1965257
2012-02-06,435.000000,437.799988,419.000000,427.799988,338.182648,1522109
2012-02-13,431.399994,442.899994,427.200012,440.100006,347.905975,1531127
2012-02-20,443.899994,479.899994,441.500000,451.399994,356.838776,3027124
2012-02-27,451.000000,457.600006,439.299988,443.399994,350.514648,1305958
2012-03-05,442.100006,442.100006,412.000000,436.500000,345.060120,2265513
2012-03-12,435.500000,437.899994,420.700012,423.899994,335.099609,1716967
2012-03-19,421.700012,421.899994,395.100006,409.299988,323.558075,2537131
2012-03-26,405.399994,414.100006,383.700012,391.600006,309.565979,2819115
2012-04-02,385.899994,400.799988,377.200012,378.500000,299.210205,1805801
2012-04-09,378.500000,384.500000,363.000000,377.899994,305.763153,2422234
2012-04-16,374.100006,390.399994,372.200012,384.899994,311.426910,2070927
2012-04-23,382.100006,399.899994,370.000000,399.000000,322.835358,2094701
2012-04-30,400.000000,400.600006,378.000000,380.200012,307.624084,1280264
2012-05-07,365.000000,369.000000,343.600006,358.799988,290.309113,3021177
2012-05-14,353.500000,356.500000,308.399994,316.600006,256.164612,3269654
2012-05-21,316.000000,337.200012,312.000000,323.200012,261.504761,2750493
2012-05-28,323.200012,335.000000,300.100006,300.700012,243.299744,1602444
2012-06-04,299.799988,325.000000,296.799988,314.899994,254.789093,1680140
2012-06-11,324.000000,328.600006,288.500000,306.000000,247.588028,2329505
2012-06-18,316.399994,326.299988,301.500000,318.000000,257.297394,2121368
2012-06-25,317.299988,321.000000,300.500000,320.000000,258.915558,1988531
2012-07-02,320.000000,347.500000,320.000000,331.000000,267.815826,1807318
2012-07-09,330.799988,339.299988,323.200012,337.500000,273.075012,1564134
2012-07-16,338.500000,352.200012,332.000000,343.799988,278.172455,1636892
2012-07-23,335.000000,361.000000,324.399994,361.000000,292.089172,2403668
2012-07-30,366.000000,369.899994,344.000000,354.899994,287.153564,2226515
2012-08-06,355.799988,368.000000,355.100006,362.000000,292.898285,1556394
2012-08-13,361.200012,367.200012,347.100006,357.399994,289.176361,2501971
2012-08-20,358.899994,362.000000,341.000000,342.000000,276.716064,1290730
2012-08-27,341.899994,350.899994,327.700012,333.100006,269.514954,1803406
2012-09-03,334.200012,348.700012,325.200012,346.799988,280.599762,1524943
2012-09-10,345.000000,368.200012,341.299988,365.799988,295.972870,1766022
2012-09-17,362.100006,370.000000,345.700012,352.399994,285.130768,1761384
2012-09-24,350.000000,350.799988,334.100006,336.500000,272.265930,1465834
2012-10-01,333.100006,348.100006,333.000000,345.700012,279.709717,1429141
2012-10-08,343.500000,343.500000,326.700012,328.100006,265.469360,1616513
2012-10-15,327.799988,350.000000,322.600006,346.399994,280.276123,1626967
2012-10-22,345.000000,347.000000,337.000000,341.799988,276.554230,1404870
2012-10-29,341.500000,350.799988,337.799988,348.500000,281.975250,864182
2012-11-05,347.299988,364.899994,338.899994,343.100006,277.606018,1218187
2012-11-12,342.799988,346.500000,305.200012,305.799988,247.426193,3077261
2012-11-19,308.399994,329.299988,308.000000,325.700012,263.527527,1672785
2012-11-26,327.000000,329.299988,317.500000,328.399994,265.712128,1718412
2012-12-03,329.500000,334.200012,321.899994,328.799988,266.035767,1607396
2012-12-10,327.000000,333.399994,325.500000,330.600006,267.492188,1309936
2012-12-17,330.000000,330.700012,320.899994,328.000000,265.388489,1651270
2012-12-24,328.000000,331.500000,326.100006,327.200012,264.741180,335596
2012-12-31,327.200012,336.700012,327.200012,334.399994,270.566772,1486281
2013-01-07,334.899994,347.500000,332.000000,346.899994,280.680695,1908341
2013-01-14,347.399994,352.500000,334.299988,348.100006,281.651611,1797217
2013-01-21,348.399994,357.799988,348.299988,356.799988,288.690857,1285521
2013-01-28,357.000000,358.000000,340.899994,345.500000,279.547943,1341234
2013-02-04,345.500000,346.399994,331.600006,340.299988,275.340546,1724362
2013-02-11,340.600006,391.899994,335.000000,387.399994,313.449677,4488014
2013-02-18,388.299988,402.799988,382.500000,392.500000,317.576172,2157280
2013-02-25,395.000000,397.799988,379.200012,384.899994,311.426910,1676992
2013-03-04,378.600006,380.700012,372.500000,378.100006,305.924988,1812378
2013-03-11,380.200012,382.000000,364.700012,366.700012,296.701172,1396617
2013-03-18,361.000000,363.200012,350.000000,350.200012,283.350739,1473659
2013-03-25,353.100006,358.000000,348.399994,352.100006,284.888062,892616
2013-04-01,352.100006,353.000000,345.500000,347.100006,280.842529,1360130
2013-04-08,341.100006,343.700012,332.000000,332.299988,268.867645,1737055
2013-04-15,332.100006,332.799988,317.799988,324.899994,269.877960,1568916
2013-04-22,328.100006,334.299988,315.600006,334.000000,277.436890,1414730
2013-04-29,334.899994,340.000000,325.899994,339.899994,282.337677,1074811
2013-05-06,339.899994,340.200012,330.200012,336.200012,279.264282,649305
2013-05-13,339.399994,341.500000,293.399994,302.000000,250.856079,3840820
2013-05-20,302.000000,309.100006,294.200012,294.500000,244.626205,2985428
2013-05-27,295.000000,299.000000,288.299988,288.799988,239.891495,2011061
2013-06-03,288.000000,288.799988,272.000000,273.299988,227.016449,1570980
2013-06-10,274.000000,276.799988,258.200012,271.000000,225.105972,2536419
2013-06-17,274.700012,274.700012,249.500000,249.500000,207.246994,2626050
2013-06-24,248.800003,270.000000,244.100006,260.899994,216.716370,2373336
2013-07-01,260.899994,262.500000,248.600006,254.500000,211.400253,2227040
2013-07-08,257.200012,277.799988,256.500000,274.299988,227.847046,2094347
2013-07-15,275.399994,276.100006,266.700012,270.700012,224.856766,1272767
2013-07-22,271.200012,283.899994,268.000000,269.799988,224.109161,1436528
2013-07-29,270.899994,272.700012,264.000000,266.000000,220.952713,1455414
2013-08-05,266.000000,277.200012,260.000000,275.399994,228.760788,1271149
2013-08-12,275.500000,293.000000,275.500000,289.700012,240.639114,1837665
2013-08-19,289.000000,324.000000,278.700012,320.799988,266.472290,5250787
2013-08-26,321.500000,330.899994,304.500000,307.799988,255.673828,3371207
2013-09-02,311.000000,317.700012,306.700012,315.299988,261.903748,1955140
2013-09-09,315.299988,321.799988,308.000000,310.100006,257.584351,2376451
2013-09-16,315.000000,322.799988,310.700012,317.700012,263.897278,1479276
2013-09-23,317.000000,317.700012,302.700012,303.500000,252.102051,1076031
2013-09-30,301.000000,304.200012,288.700012,290.100006,240.971329,1664218
2013-10-07,289.200012,291.299988,277.299988,287.000000,238.396317,1565573
2013-10-14,284.799988,292.200012,274.000000,278.100006,231.003571,1947940
2013-10-21,280.299988,289.399994,278.200012,283.600006,235.572128,1323568
2013-10-28,284.000000,284.799988,268.000000,270.100006,224.358353,1532247
2013-11-04,270.000000,299.100006,269.700012,275.500000,228.843842,3677783
2013-11-11,278.299988,290.000000,275.000000,283.100006,235.156815,1729612
2013-11-18,284.399994,286.200012,275.000000,277.200012,230.255997,1210014
2013-11-25,278.600006,290.000000,276.000000,287.100006,238.479401,1197796
2013-12-02,287.000000,287.299988,265.299988,267.700012,222.364822,1818722
2013-12-09,267.600006,269.500000,261.399994,261.700012,217.380905,1303288
2013-12-16,260.500000,278.100006,260.399994,278.100006,231.003571,1729582
2013-12-23,279.000000,291.100006,278.200012,290.299988,241.137451,647295
2013-12-30,291.399994,303.200012,291.200012,302.100006,250.939133,1353699
2014-01-06,303.000000,315.000000,302.299988,312.500000,259.577881,2128919
2014-01-13,313.000000,326.000000,310.200012,325.700012,270.542480,1905540
2014-01-20,325.000000,329.000000,308.600006,309.200012,256.836792,1853056
2014-01-27,307.399994,308.000000,291.600006,294.799988,244.875381,2507167
2014-02-03,295.899994,301.299988,282.600006,297.600006,247.201233,1978307
2014-02-10,297.799988,304.399994,273.100006,279.899994,232.498734,4194211
2014-02-17,280.600006,288.899994,277.500000,286.600006,238.064072,2365678
2014-02-24,285.100006,296.299988,282.399994,284.299988,236.153580,1463368
2014-03-03,280.000000,300.000000,278.000000,295.600006,245.539932,1538510
2014-03-10,294.000000,294.000000,272.799988,274.200012,227.764038,1259015
2014-03-17,273.000000,279.299988,266.000000,270.200012,224.441452,1594792
2014-03-24,270.299988,277.299988,263.700012,269.899994,224.192230,1280715
2014-03-31,270.899994,296.700012,267.100006,293.799988,245.844482,2467164
2014-04-07,292.899994,295.700012,278.700012,282.600006,236.472626,1716676
2014-04-14,277.899994,287.299988,275.100006,285.799988,239.150314,753054
2014-04-21,285.799988,294.500000,284.000000,285.000000,238.480850,1020205
2014-04-28,285.899994,294.700012,278.500000,292.500000,244.756668,1258172
2014-05-05,292.600006,305.899994,289.200012,305.200012,255.383698,1397530
2014-05-12,305.100006,340.000000,305.100006,333.000000,278.646088,4223500
2014-05-19,328.000000,331.299988,315.200012,320.100006,267.851685,1895061
2014-05-26,319.100006,322.200012,313.799988,318.299988,266.345459,580394
2014-06-02,318.600006,325.000000,310.799988,313.200012,262.077942,1144531
2014-06-09,313.200012,315.600006,303.000000,308.100006,257.810425,1238774
2014-06-16,305.799988,314.000000,305.500000,309.299988,258.814453,1011301
2014-06-23,309.799988,318.500000,301.000000,303.000000,253.542816,1306317
2014-06-30,304.000000,315.799988,300.600006,313.899994,262.663666,1251252
2014-07-07,313.000000,314.600006,286.200012,289.299988,242.078949,1525919
2014-07-14,292.000000,299.100006,287.899994,289.200012,241.995346,1085130
2014-07-21,291.299988,300.600006,286.399994,293.500000,245.593475,1154913
2014-07-28,292.500000,295.000000,284.299988,289.700012,242.413757,999812
2014-08-04,291.799988,304.399994,277.100006,280.700012,234.882736,1646652
2014-08-11,284.899994,307.000000,283.500000,294.200012,246.179230,2316745
2014-08-18,295.399994,298.899994,289.500000,290.799988,243.334152,1229064
2014-08-25,293.700012,306.799988,293.700012,302.700012,253.291809,1443624
2014-09-01,304.000000,318.500000,302.799988,315.200012,263.751495,1799252
2014-09-08,315.799988,319.899994,297.700012,299.500000,250.614075,1294888
2014-09-15,299.000000,307.200012,294.600006,297.000000,248.522186,2077298
2014-09-22,296.799988,297.000000,281.899994,286.000000,239.317642,1382099
2014-09-29,286.399994,288.899994,270.500000,272.700012,228.188522,1515144
2014-10-06,274.700012,278.500000,263.500000,266.399994,222.916855,1850848
2014-10-13,262.000000,267.700012,250.699997,260.000000,217.561478,2211077
2014-10-20,261.700012,278.399994,259.100006,267.799988,224.088318,1761507
2014-10-27,269.100006,271.299988,262.200012,269.000000,225.092453,1060942
2014-11-03,268.000000,286.000000,252.199997,255.300003,213.628677,2641357
2014-11-10,255.000000,257.500000,245.699997,249.699997,208.942703,1658401
2014-11-17,248.800003,259.200012,247.000000,258.200012,216.055298,1131020
2014-11-24,258.200012,271.100006,252.699997,253.000000,211.704086,1553327
2014-12-01,251.899994,274.700012,246.199997,269.000000,225.092453,2452039
2014-12-08,271.000000,276.799988,256.000000,261.600006,218.900330,1621991
2014-12-15,261.200012,275.899994,255.800003,274.100006,229.360031,1521105
2014-12-22,274.100006,276.799988,268.500000,274.200012,229.443710,485429
2014-12-29,272.500000,274.899994,268.799988,271.399994,227.100723,474495
2015-01-05,271.000000,273.899994,260.100006,272.700012,228.188522,1492031
2015-01-12,272.799988,283.899994,261.399994,264.500000,221.326996,2060755
2015-01-19,266.500000,287.200012,262.100006,284.000000,237.644104,1725198
2015-01-26,283.000000,291.899994,273.100006,279.200012,233.627579,1393931
2015-02-02,280.000000,301.899994,277.799988,295.700012,247.434357,1872745
2015-02-09,294.799988,302.200012,277.200012,291.899994,244.254608,2920099
2015-02-16,289.700012,297.000000,284.000000,295.600006,247.350723,1381760
2015-02-23,297.899994,307.899994,291.500000,305.000000,255.216370,1749440
2015-03-02,304.200012,314.000000,297.500000,309.899994,259.316559,1731081
2015-03-09,309.899994,317.500000,302.700012,307.500000,257.308319,1748471
2015-03-16,308.700012,310.000000,301.000000,306.100006,256.136810,1627748
2015-03-23,306.600006,326.700012,304.600006,308.200012,257.894012,2010766
2015-03-30,310.799988,318.600006,308.000000,311.100006,268.002350,1026606
2015-04-06,311.100006,315.899994,298.500000,308.200012,265.504089,2242608
2015-04-13,308.200012,310.100006,293.700012,294.799988,253.960373,2450430
2015-04-20,294.000000,297.399994,283.700012,284.399994,245.001129,1954476
2015-04-27,284.399994,292.299988,279.000000,284.899994,245.431870,1368086
2015-05-04,284.899994,304.000000,269.299988,294.799988,253.960373,2721556
2015-05-11,299.600006,318.799988,299.000000,312.600006,269.294495,2213200
2015-05-18,313.399994,330.700012,310.399994,327.500000,282.130371,2224162
2015-05-25,327.500000,342.700012,327.500000,337.600006,290.831207,1893187
2015-06-01,335.299988,340.000000,331.600006,331.600006,285.662354,1366655
2015-06-08,329.600006,341.799988,320.100006,329.500000,283.853241,2048394
2015-06-15,327.399994,337.600006,319.200012,334.200012,287.902191,1435607
2015-06-22,340.000000,343.000000,330.500000,334.500000,288.160645,1285527
2015-06-29,322.000000,331.700012,319.000000,322.200012,277.564606,1523287
2015-07-06,323.700012,323.700012,304.100006,308.899994,266.107056,1757735
2015-07-13,314.299988,334.600006,312.100006,328.100006,282.647247,1827055
2015-07-20,330.200012,338.700012,314.600006,315.500000,271.792755,1687532
2015-07-27,312.600006,313.700012,300.100006,304.000000,261.885895,1574754
2015-08-03,302.200012,309.299988,300.600006,300.600006,258.956909,1350329
2015-08-10,302.899994,305.899994,290.799988,297.399994,256.200195,1116300
2015-08-17,300.700012,305.299988,276.500000,276.700012,238.367859,2048667
2015-08-24,269.899994,284.899994,235.500000,252.000000,217.089630,7197390
2015-08-31,252.000000,256.500000,241.899994,242.600006,208.991837,4475728
2015-09-07,243.000000,249.000000,236.000000,238.000000,205.029083,2624229
2015-09-14,238.000000,241.699997,228.500000,229.500000,197.706619,3239766
2015-09-21,229.100006,230.600006,218.500000,225.399994,194.174591,2039767
2015-09-28,225.100006,237.899994,213.500000,234.699997,202.186234,2154768
2015-10-05,239.800003,272.000000,239.300003,269.000000,231.734543,2859513
2015-10-12,273.799988,278.700012,255.199997,259.399994,223.464478,2379384
2015-10-19,260.500000,262.200012,249.000000,260.299988,224.239777,1978466
2015-10-26,259.000000,260.600006,251.000000,256.799988,221.224655,1350076
2015-11-02,256.000000,274.399994,255.800003,271.399994,233.802063,1702920
2015-11-09,272.600006,277.399994,247.800003,250.899994,216.141983,3950582
2015-11-16,246.399994,258.799988,244.500000,254.300003,219.070999,1347221
2015-11-23,254.000000,259.000000,253.300003,256.100006,220.621628,1083390
2015-11-30,256.899994,260.899994,249.000000,251.100006,216.314301,1589177
2015-12-07,252.399994,253.000000,233.500000,234.100006,201.669357,1866028
2015-12-14,234.100006,238.899994,227.300003,233.600006,201.238632,1490261
2015-12-21,233.600006,245.000000,231.699997,245.000000,211.059357,765904
2015-12-28,247.500000,248.199997,239.500000,240.000000,206.752014,464848
2016-01-04,234.000000,234.000000,213.000000,221.100006,190.470291,1547850
2016-01-11,218.500000,231.600006,215.500000,218.800003,188.488937,1573867
2016-01-18,219.000000,234.800003,212.800003,234.000000,201.583237,1796836
2016-01-25,236.000000,242.000000,223.600006,240.199997,206.924301,1891115
2016-02-01,244.000000,246.100006,224.000000,233.300003,200.980209,1984553
2016-02-08,235.000000,236.399994,206.000000,231.199997,199.171127,2584308
2016-02-15,240.000000,258.899994,239.000000,247.899994,213.557602,1681741
2016-02-22,249.899994,254.199997,239.300003,251.500000,216.658875,949346
2016-02-29,250.199997,262.399994,247.000000,261.299988,225.101242,1271809
2016-03-07,262.500000,264.299988,253.199997,261.500000,225.273544,919659
2016-03-14,261.799988,268.500000,251.000000,266.200012,229.322449,1304014
2016-03-21,267.000000,271.000000,263.399994,270.899994,233.371323,463385
2016-03-28,270.899994,278.500000,268.600006,276.500000,238.195557,646889
2016-04-04,278.000000,278.000000,257.299988,262.100006,225.790451,956042
2016-04-11,263.000000,268.500000,259.000000,262.899994,229.916306,915453
2016-04-18,261.299988,283.000000,259.000000,277.000000,242.247314,890210
2016-04-25,275.000000,276.200012,250.000000,252.399994,220.733658,1303670
2016-05-02,252.100006,253.699997,243.000000,244.199997,213.562424,433060
2016-05-09,246.699997,247.699997,239.500000,241.300003,211.026260,1377653
2016-05-16,241.300003,250.000000,235.000000,240.399994,210.239166,2068887
2016-05-23,241.699997,243.899994,239.100006,241.000000,210.763901,950533
2016-05-30,241.000000,244.699997,235.699997,241.399994,211.113724,1150399
2016-06-06,240.500000,246.399994,237.500000,239.600006,209.539551,1438208
2016-06-13,235.699997,236.399994,225.300003,234.000000,204.642151,1505243
2016-06-20,238.000000,257.200012,218.000000,240.000000,209.889359,1507489
2016-06-27,239.000000,247.899994,232.500000,247.000000,216.011154,1155019
2016-07-04,248.000000,250.000000,230.000000,242.800003,212.338074,479474
2016-07-11,243.100006,266.899994,242.500000,265.600006,232.277573,1238862
2016-07-18,265.500000,274.899994,255.800003,268.000000,234.376450,1161686
2016-07-25,267.000000,275.000000,264.000000,267.500000,233.939194,741020
2016-08-01,268.600006,269.500000,261.299988,266.200012,232.802292,1290615
2016-08-08,267.000000,267.000000,233.100006,240.899994,210.676453,1807840
2016-08-15,240.399994,252.500000,233.600006,250.500000,219.072037,1224608
2016-08-22,249.899994,254.800003,247.100006,252.199997,220.558746,525932
2016-08-29,251.000000,255.000000,245.699997,253.500000,221.695648,662286
2016-09-05,253.899994,261.299988,249.300003,250.100006,218.722214,696493
2016-09-12,247.100006,254.800003,244.399994,247.399994,216.360962,525691
2016-09-19,248.000000,259.700012,246.399994,256.500000,224.319260,627720
2016-09-26,255.399994,255.600006,244.699997,249.199997,217.935135,666312
2016-10-03,249.800003,260.000000,248.699997,254.300003,222.395279,1137015
2016-10-10,254.600006,260.500000,250.000000,256.500000,224.319260,1095098
2016-10-17,255.000000,260.000000,253.500000,257.500000,225.193802,730440
2016-10-24,257.700012,268.000000,245.000000,246.100006,215.224045,1157623
2016-10-31,243.899994,247.699997,235.199997,239.000000,209.014832,864745
2016-11-07,242.899994,286.799988,231.000000,278.500000,243.559113,2639592
2016-11-14,286.799988,295.000000,285.000000,285.000000,249.243607,2241584
2016-11-21,286.000000,298.899994,279.799988,291.399994,254.840683,1694564
2016-11-28,291.600006,292.200012,283.600006,284.799988,249.068710,870690
2016-12-05,284.000000,291.799988,277.399994,290.500000,254.053589,1743460
2016-12-12,290.799988,299.399994,284.100006,294.299988,257.376831,1711283
2016-12-19,293.899994,297.100006,286.500000,290.399994,253.966110,834435
2016-12-26,290.399994,295.500000,290.000000,293.000000,256.239960,435675
2017-01-02,293.000000,317.100006,291.500000,309.100006,270.320068,1125893
2017-01-09,309.600006,329.000000,305.799988,321.299988,280.989410,1184605
2017-01-16,321.200012,321.899994,306.200012,316.899994,277.141418,996341
2017-01-23,316.899994,329.799988,314.600006,329.799988,288.422943,926061
2017-01-30,329.000000,329.000000,318.100006,325.000000,284.225189,1289836
2017-02-06,325.000000,355.000000,310.799988,353.000000,308.712250,2497644
2017-02-13,353.299988,357.399994,347.500000,349.399994,305.563965,1146326
2017-02-20,350.100006,352.600006,339.399994,341.899994,299.004913,710488
2017-02-27,342.799988,351.600006,341.600006,343.600006,300.491608,711195
2017-03-06,342.899994,356.399994,340.700012,353.500000,309.149567,880999
2017-03-13,353.500000,383.299988,352.500000,382.500000,334.511169,1284279
2017-03-20,381.899994,392.200012,372.100006,381.200012,333.374268,1059280
2017-03-27,377.100006,377.200012,367.899994,373.000000,326.203033,582440
2017-04-03,373.000000,386.899994,371.000000,383.299988,340.643707,907618
2017-04-10,383.500000,386.399994,378.299988,380.299988,337.977570,438026
2017-04-17,380.299988,382.600006,370.500000,376.000000,334.156097,645472
2017-04-24,383.000000,412.500000,377.200012,410.700012,364.994446,1332452
2017-05-01,410.700012,415.799988,385.000000,386.799988,343.754211,1434706
2017-05-08,389.399994,411.799988,386.000000,398.700012,354.329926,1424675
2017-05-15,400.000000,400.000000,370.500000,394.700012,350.775085,1275283
2017-05-22,396.500000,399.299988,389.000000,397.299988,353.085724,594007
2017-05-29,397.600006,407.899994,396.799988,399.000000,354.596527,1089032
2017-06-05,399.000000,411.600006,396.000000,410.500000,364.816742,676726
2017-06-12,409.399994,415.500000,393.299988,407.200012,361.883972,1169549
2017-06-19,408.500000,434.500000,405.100006,428.000000,380.369202,1734869
2017-06-26,427.500000,439.000000,409.600006,411.399994,365.616547,1159722
2017-07-03,412.500000,417.100006,403.299988,410.500000,364.816742,919812
2017-07-10,411.500000,419.799988,405.299988,410.299988,364.638947,1214315
2017-07-17,412.000000,417.200012,388.000000,389.200012,345.887115,1399055
2017-07-24,389.299988,396.299988,378.299988,381.799988,339.310638,1071684
2017-07-31,381.299988,396.299988,381.299988,390.700012,347.220245,1155200
2017-08-07,391.500000,396.200012,360.299988,365.399994,324.735748,2068319
2017-08-14,367.399994,372.700012,361.000000,371.100006,329.801392,1077031
2017-08-21,368.200012,401.000000,367.899994,400.600006,356.018463,1810667
2017-08-28,399.200012,400.700012,384.299988,400.000000,355.485229,906122
2017-09-04,394.299988,413.100006,392.500000,413.100006,367.127411,954297
2017-09-11,415.000000,416.899994,404.000000,405.399994,360.284271,713333
2017-09-18,406.299988,423.500000,405.500000,418.500000,371.926422,764085
2017-09-25,418.000000,422.799988,411.100006,416.299988,369.971283,705435
2017-10-02,415.000000,420.899994,412.899994,413.200012,367.216217,758663
2017-10-09,413.299988,419.200012,411.899994,415.000000,368.815918,566864
2017-10-16,414.000000,425.700012,410.899994,422.100006,375.125824,796791
2017-10-23,422.100006,433.500000,421.600006,432.000000,383.924042,747697
2017-10-30,431.299988,441.799988,427.899994,429.700012,381.880035,769189
2017-11-06,430.399994,437.500000,376.899994,385.399994,342.510010,1631163
2017-11-13,384.799988,385.000000,346.799988,370.500000,329.268188,1868582
2017-11-20,369.100006,370.500000,338.799988,339.500000,301.718109,1291366
2017-11-27,339.500000,351.200012,328.799988,329.700012,293.008698,1651875
2017-12-04,332.899994,347.500000,329.000000,335.500000,298.163239,1426926
2017-12-11,336.500000,344.799988,327.600006,339.700012,301.895844,994262
2017-12-18,342.000000,360.399994,337.799988,359.700012,319.670074,1206586
2017-12-25,359.700012,363.799988,355.799988,361.299988,321.092041,412740
2018-01-01,361.299988,383.500000,359.100006,379.200012,337.000031,873513
2018-01-08,381.000000,387.700012,367.700012,370.500000,329.268188,1035868
2018-01-15,362.000000,368.399994,350.200012,366.399994,325.624451,1032474
2018-01-22,367.600006,369.899994,352.500000,363.100006,322.691742,1065223
2018-01-29,367.200012,369.100006,344.899994,345.000000,306.606018,967166
2018-02-05,342.000000,387.299988,328.000000,376.600006,334.689362,3287358
2018-02-12,382.100006,396.899994,382.000000,392.700012,348.997620,1980012
2018-02-19,393.700012,422.700012,385.000000,417.299988,370.859955,1658910
2018-02-26,418.000000,423.399994,400.200012,406.100006,360.906403,1170858
2018-03-05,403.899994,425.000000,402.100006,418.299988,371.748657,1024168
2018-03-12,420.100006,421.299988,400.799988,404.399994,359.395569,1026084
2018-03-19,404.200012,405.000000,382.899994,395.799988,351.752655,1178407
2018-03-26,396.500000,400.000000,386.000000,388.700012,345.442780,682158
2018-04-02,388.700012,396.000000,373.700012,377.700012,335.666901,1579133
2018-04-09,379.399994,391.000000,359.399994,371.700012,337.250854,2309741
2018-04-16,374.200012,386.399994,366.500000,379.600006,344.418671,1104482
2018-04-23,380.000000,386.299988,368.399994,376.100006,341.243073,911703
2018-04-30,379.000000,430.000000,374.799988,413.700012,375.358276,2948417
2018-05-07,414.000000,431.500000,411.100006,428.000000,388.332947,799246
2018-05-14,427.500000,432.600006,415.399994,422.899994,383.705627,1348828
2018-05-21,422.899994,436.899994,422.899994,434.200012,393.958374,1789056
2018-05-28,433.700012,436.100006,424.299988,434.500000,394.230560,1421986
2018-06-04,435.000000,448.200012,428.299988,431.899994,391.871521,718682
2018-06-11,431.399994,438.299988,427.799988,427.799988,388.151489,819812
2018-06-18,427.799988,427.799988,393.000000,393.000000,356.576782,1521716
2018-06-25,392.000000,393.000000,369.600006,381.899994,346.505493,1661743
2018-07-02,378.299988,380.600006,367.100006,369.399994,335.164032,1025047
2018-07-09,372.000000,380.399994,366.399994,376.500000,341.605988,963311
2018-07-16,377.299988,390.600006,374.200012,384.600006,348.955292,717598
2018-07-23,384.500000,414.100006,381.500000,411.500000,373.362183,885999
2018-07-30,410.000000,422.000000,398.000000,399.299988,362.292877,1153663
2018-08-06,410.100006,423.799988,391.000000,404.100006,366.648010,2356077
2018-08-13,403.600006,404.200012,376.100006,382.500000,347.049896,1260676
2018-08-20,385.100006,395.200012,381.200012,387.700012,351.767975,890242
2018-08-27,392.000000,409.500000,392.000000,399.000000,362.020691,1000264
2018-09-03,399.100006,400.299988,371.799988,375.600006,340.789398,1049760
2018-09-10,376.000000,383.500000,371.700012,383.000000,347.503540,746348
2018-09-17,381.899994,400.899994,375.500000,398.299988,361.385559,882722
2018-09-24,397.399994,401.700012,379.799988,399.700012,362.655823,935655
2018-10-01,399.700012,400.000000,381.899994,381.899994,346.505493,797454
2018-10-08,380.500000,380.500000,340.299988,347.899994,315.656616,1391125
2018-10-15,347.899994,373.299988,344.600006,350.700012,318.197113,1231308
2018-10-22,353.799988,358.000000,325.799988,325.799988,295.604828,1201236
2018-10-29,327.200012,363.700012,327.200012,354.299988,321.463470,1194519
2018-11-05,353.100006,374.600006,340.399994,353.399994,320.646881,1573253
2018-11-12,355.000000,360.000000,345.899994,350.600006,318.106415,816136
2018-11-19,350.299988,354.600006,330.200012,331.399994,300.685852,860874
2018-11-26,333.100006,345.000000,327.299988,330.200012,299.597076,786799
2018-12-03,338.000000,347.399994,311.799988,315.000000,285.805786,1400645
2018-12-10,312.000000,315.200012,301.799988,306.200012,277.821411,936767
2018-12-17,306.100006,307.100006,289.899994,297.299988,269.746246,964533
2018-12-24,297.299988,303.600006,282.799988,293.100006,265.935516,401019
2018-12-31,293.100006,305.000000,288.000000,305.000000,276.732605,560136
2019-01-07,310.000000,332.000000,305.100006,320.000000,290.342407,1242923
2019-01-14,318.000000,326.600006,310.200012,325.700012,295.514099,537213
2019-01-21,327.100006,334.500000,312.399994,331.700012,300.958069,921889
2019-01-28,332.000000,334.100006,293.200012,296.399994,268.929626,1792821
2019-02-04,296.600006,315.700012,294.000000,300.500000,272.649658,1407583
2019-02-11,306.000000,313.200012,303.299988,312.500000,283.537506,815230
2019-02-18,312.100006,326.600006,306.200012,326.600006,296.330688,867947
2019-02-25,327.000000,329.399994,312.399994,319.600006,289.979492,974198
2019-03-04,321.600006,324.000000,297.299988,299.899994,272.105255,756254
2019-03-11,300.299988,320.799988,298.200012,318.899994,289.344360,726925
2019-03-18,319.500000,322.899994,296.799988,296.799988,269.292572,1238296
2019-03-25,294.899994,294.899994,280.600006,287.500000,260.854492,1120745
2019-04-01,291.000000,320.600006,291.000000,304.200012,284.815491,1366140
2019-04-08,303.000000,326.399994,297.399994,325.899994,305.132660,1478626
2019-04-15,325.899994,332.399994,323.000000,330.600006,309.533203,668524
2019-04-22,330.600006,333.700012,316.299988,326.399994,305.600830,898673
2019-04-29,326.299988,334.299988,310.000000,314.000000,293.990997,1902322
2019-05-06,308.000000,310.000000,289.500000,291.700012,273.112030,1389761
2019-05-13,294.000000,294.000000,275.200012,292.600006,273.954651,1400755
2019-05-20,292.000000,292.000000,275.399994,276.899994,259.255127,1023267
2019-05-27,277.100006,279.500000,262.500000,263.700012,246.896271,534174
2019-06-03,260.000000,264.399994,251.600006,263.200012,246.428131,1044408
2019-06-10,263.200012,273.500000,263.200012,268.399994,251.296753,870389
2019-06-17,268.500000,288.799988,263.200012,286.100006,267.868866,1421110
2019-06-24,284.600006,296.899994,273.700012,296.899994,277.980621,1046860
2019-07-01,300.600006,306.000000,288.899994,292.899994,274.235535,1152110
2019-07-08,292.299988,296.100006,277.700012,277.899994,260.191376,735626
2019-07-15,280.000000,285.000000,271.500000,275.899994,258.318817,596245
2019-07-22,275.899994,287.399994,275.500000,282.100006,264.123749,578947
2019-07-29,283.200012,285.899994,262.600006,263.600006,246.802628,1104970
2019-08-05,260.000000,270.500000,242.600006,263.100006,246.334503,2049576
2019-08-12,265.000000,265.500000,248.399994,263.000000,246.240860,1193889
2019-08-19,264.399994,286.799988,264.200012,281.100006,263.187500,1084562
2019-08-26,275.600006,292.299988,273.000000,292.100006,273.486542,708202
2019-09-02,292.100006,299.399994,286.799988,293.500000,274.797302,880764
2019-09-09,293.000000,316.500000,291.100006,313.299988,293.335571,1745241
2019-09-16,311.000000,313.200012,299.000000,299.299988,280.227692,965215
2019-09-23,298.899994,299.799988,284.399994,291.100006,272.550232,835060
2019-09-30,291.600006,299.299988,257.700012,265.200012,248.300674,1807020
2019-10-07,262.600006,268.000000,230.199997,233.699997,218.807938,2933285
2019-10-14,232.199997,236.899994,221.600006,231.000000,216.279999,3089439
2019-10-21,231.600006,244.800003,231.199997,244.800003,229.200623,1607422
2019-10-28,245.000000,253.899994,239.100006,243.500000,227.983459,1648974
2019-11-04,245.000000,264.700012,245.000000,255.399994,239.125153,1695081
2019-11-11,255.699997,260.000000,249.800003,255.699997,239.406036,896772
2019-11-18,256.200012,258.799988,246.100006,250.899994,234.911896,865532
2019-11-25,252.899994,260.899994,248.500000,249.100006,233.226608,1048242
2019-12-02,249.199997,256.299988,246.699997,253.199997,237.065338,1137608
2019-12-09,252.899994,267.299988,247.300003,263.399994,246.615356,1356029
2019-12-16,264.899994,271.700012,261.399994,264.100006,247.270782,943112
2019-12-23,263.899994,269.000000,262.600006,265.399994,248.487915,250815
2019-12-30,265.200012,274.799988,264.700012,267.899994,250.828613,543277
2020-01-06,266.799988,274.399994,258.399994,264.000000,247.177139,1266511
2020-01-13,264.000000,270.100006,246.899994,252.000000,235.941803,1964842
2020-01-20,252.000000,259.299988,239.300003,244.500000,228.919739,2439074
2020-01-27,240.000000,245.199997,231.500000,231.500000,216.748123,1463109
2020-02-03,231.500000,245.699997,226.300003,244.199997,228.638840,1994334
2020-02-10,246.000000,265.500000,237.500000,255.000000,238.750641,3545241
2020-02-17,255.699997,257.399994,242.500000,251.800003,235.754547,1422309
2020-02-24,245.100006,245.399994,218.899994,229.800003,215.156464,2089013
2020-03-02,235.199997,236.300003,203.100006,208.600006,195.307404,1686868
2020-03-09,194.000000,202.300003,154.699997,161.600006,151.302368,3777434
2020-03-16,156.250000,170.000000,134.300003,143.149994,134.028046,3751342
2020-03-23,138.000000,154.800003,134.500000,144.949997,135.713348,2573459
2020-03-30,146.350006,162.500000,140.199997,149.149994,147.884399,1963244
2020-04-06,155.350006,166.800003,152.800003,161.199997,159.832153,995865
2020-04-13,161.199997,169.949997,147.000000,148.699997,147.438217,2315636
2020-04-20,149.899994,154.000000,140.199997,152.100006,150.809387,3033509
2020-04-27,155.399994,182.000000,151.899994,172.000000,170.540512,3233299
2020-05-04,169.100006,176.550003,164.550003,170.800003,169.350708,1727670
2020-05-11,173.050003,175.300003,151.500000,158.100006,156.758469,2432173
2020-05-18,161.899994,180.649994,161.899994,176.600006,175.101486,1626068
2020-05-25,178.449997,193.199997,176.949997,182.500000,180.951416,1959769
2020-06-01,182.500000,203.000000,182.500000,201.000000,199.294434,1246484
2020-06-08,205.300003,214.699997,177.649994,181.500000,179.959900,2601639
2020-06-15,177.500000,192.399994,172.750000,190.100006,188.486938,1752426
2020-06-22,188.300003,195.500000,180.050003,187.800003,186.206451,1790760
2020-06-29,186.300003,198.600006,186.000000,194.149994,192.502563,1504433
2020-07-06,197.000000,205.899994,188.250000,189.649994,188.040741,1466573
2020-07-13,192.199997,205.500000,192.000000,202.800003,201.079163,1520141
2020-07-20,203.800003,207.500000,195.050003,198.850006,197.162689,1676539
2020-07-27,201.000000,203.000000,187.199997,187.550003,185.958572,1669103
2020-08-03,188.399994,196.699997,176.649994,191.850006,190.222092,2271784
2020-08-10,193.000000,200.300003,191.300003,193.699997,192.056381,1030245
2020-08-17,193.000000,195.350006,189.050003,191.649994,190.023773,1162862
2020-08-24,193.000000,205.000000,183.649994,189.750000,188.139893,2421223
2020-08-31,189.750000,198.500000,174.500000,195.199997,193.543655,2948253
2020-09-07,196.000000,202.000000,191.899994,198.300003,196.617355,974285
2020-09-14,199.649994,203.199997,190.800003,190.800003,189.181000,804439
2020-09-21,190.100006,190.800003,175.699997,179.149994,177.629837,1342037
2020-09-28,182.699997,185.000000,167.000000,171.800003,170.342209,2687567
2020-10-05,173.500000,180.050003,173.250000,175.800003,174.308273,1607179
2020-10-12,176.399994,178.600006,171.550003,177.250000,175.745972,1299433
2020-10-19,180.500000,184.899994,169.300003,174.899994,173.415909,2047382
2020-10-26,172.199997,173.800003,153.050003,163.050003,161.666458,2112663
2020-11-02,163.800003,180.149994,159.899994,170.000000,168.557480,2302660
2020-11-09,172.750000,193.949997,172.649994,191.800003,190.172501,3229956
2020-11-16,194.649994,199.250000,187.350006,199.250000,197.559296,1563572
2020-11-23,200.000000,211.800003,199.899994,210.399994,208.614670,1449667
2020-11-30,209.100006,214.699997,203.699997,213.399994,211.589218,1165230
2020-12-07,214.500000,225.600006,211.100006,216.699997,214.861221,1593655
2020-12-14,218.300003,230.000000,215.100006,227.500000,225.569580,1553571
2020-12-21,228.000000,230.899994,221.600006,227.199997,225.272125,653730
2020-12-28,230.000000,236.199997,228.199997,232.800003,230.824600,650505
2021-01-04,235.000000,246.100006,218.699997,236.000000,233.997452,2355188
2021-01-11,236.000000,237.000000,214.399994,226.300003,224.379761,2503580
2021-01-18,225.000000,240.399994,221.699997,234.100006,232.113586,2023814
2021-01-25,235.800003,236.699997,207.100006,215.500000,213.671402,1900973
2021-02-01,216.000000,230.500000,215.500000,227.399994,225.470413,1528683
2021-02-08,228.800003,235.899994,214.500000,223.800003,221.900970,3516862
2021-02-15,225.000000,245.699997,222.199997,243.399994,241.334656,2387321
2021-02-22,243.300003,264.299988,242.000000,259.600006,257.397217,2418736
2021-03-01,263.700012,269.700012,236.800003,239.000000,236.972000,1777643
2021-03-08,241.000000,251.699997,239.399994,246.699997,244.606659,1209827
2021-03-15,247.899994,253.600006,236.399994,239.100006,237.071152,1171108
2021-03-22,238.000000,240.399994,228.399994,237.800003,235.782181,1129966
2021-03-29,237.800003,249.000000,234.600006,243.100006,243.100006,722224
2021-04-05,243.100006,248.899994,237.800003,240.800003,240.800003,1386355
2021-04-09,242.000000,243.399994,239.800003,240.800003,240.800003,217037
