Date,Open,High,Low,Close,Adj Close,Volume
2009-05-18,392.500000,424.000000,390.500000,423.000000,383.137604,459253
2009-05-25,416.000000,421.500000,380.000000,384.000000,347.812866,1007981
2009-06-01,384.000000,401.000000,367.000000,378.000000,342.378326,560853
2009-06-08,378.500000,401.500000,369.000000,391.500000,354.606110,640767
2009-06-15,400.000000,402.000000,366.500000,385.000000,348.718597,610701
2009-06-22,383.000000,393.000000,348.000000,372.000000,336.943726,870522
2009-06-29,371.000000,386.000000,366.500000,369.500000,334.679291,664368
2009-07-06,367.000000,379.000000,352.500000,368.500000,333.773529,921704
2009-07-13,365.500000,385.500000,361.000000,385.000000,348.718597,539588
2009-07-20,388.000000,392.000000,368.500000,384.000000,347.812866,2656533
2009-07-27,384.000000,384.000000,343.000000,368.000000,333.320679,10474031
2009-08-03,367.000000,378.000000,356.500000,378.000000,342.378326,4169648
2009-08-10,382.000000,397.000000,373.500000,391.000000,354.153229,5404050
2009-08-17,389.500000,406.500000,372.000000,379.000000,343.284058,11663642
2009-08-24,387.000000,398.000000,373.500000,378.500000,342.831177,4651345
2009-08-31,374.000000,389.500000,370.000000,389.500000,352.794586,7509047
2009-09-07,392.500000,399.000000,381.000000,381.000000,345.095520,5662999
2009-09-14,388.000000,390.000000,369.750000,371.000000,336.037994,7436046
2009-09-21,369.500000,376.000000,350.500000,358.500000,324.715942,5825700
2009-09-28,368.000000,372.500000,346.000000,349.000000,316.111206,8716447
2009-10-05,344.000000,353.000000,326.000000,326.000000,295.278625,8429295
2009-10-12,320.000000,338.000000,319.000000,338.000000,306.147827,11992264
2009-10-19,340.000000,347.500000,333.000000,341.000000,308.865082,4210098
2009-10-26,341.500000,370.000000,331.000000,358.500000,324.715942,10249406
2009-11-02,356.750000,379.000000,349.250000,379.000000,343.284058,5488614
2009-11-09,385.000000,390.250000,367.000000,370.000000,335.132172,3537836
2009-11-16,373.750000,380.000000,359.000000,361.500000,327.433258,1658451
2009-11-23,370.000000,370.000000,349.000000,349.000000,316.111206,1963629
2009-11-30,351.000000,356.500000,343.000000,353.500000,320.187103,3616895
2009-12-07,354.000000,354.000000,317.500000,325.000000,294.372894,10420210
2009-12-14,317.000000,324.000000,308.000000,308.000000,278.974915,5769130
2009-12-21,301.500000,305.000000,300.000000,303.500000,274.898956,4857702
2009-12-28,307.000000,319.500000,306.750000,318.000000,288.032562,2982631
2010-01-04,330.000000,332.299988,316.399994,319.000000,288.938293,4095171
2010-01-11,329.000000,334.000000,317.000000,330.000000,298.901672,8438405
2010-01-18,329.000000,329.000000,293.000000,295.700012,267.834015,7670640
2010-01-25,297.000000,302.000000,275.500000,289.000000,261.765411,10869258
2010-02-01,289.000000,289.000000,267.200012,274.799988,248.903549,7192313
2010-02-08,272.000000,308.000000,266.100006,270.399994,244.918198,16364903
2010-02-15,272.000000,291.700012,269.100006,289.600006,262.308868,4495709
2010-02-22,292.000000,297.700012,266.399994,270.000000,244.555908,6619197
2010-03-01,274.000000,279.799988,264.100006,275.000000,249.084732,7419289
2010-03-08,279.799988,279.799988,270.500000,271.399994,245.823944,3627942
2010-03-15,266.000000,286.700012,262.000000,285.299988,258.414063,9192606
2010-03-22,283.000000,305.000000,277.600006,298.500000,270.370148,7999185
2010-03-29,300.000000,302.500000,292.200012,299.500000,271.275909,3246498
2010-04-05,299.500000,333.399994,299.500000,327.000000,296.184387,9940431
2010-04-12,333.799988,339.700012,324.500000,337.000000,305.242004,7468038
2010-04-19,334.000000,346.000000,328.299988,340.899994,308.774506,7134173
2010-04-26,342.000000,380.000000,330.399994,342.200012,309.952057,14181234
2010-05-03,341.000000,346.200012,291.600006,292.299988,264.754395,9666693
2010-05-10,302.799988,315.000000,301.000000,313.600006,284.047241,4700360
2010-05-17,309.899994,311.100006,277.500000,291.600006,264.120422,7882661
2010-05-24,291.600006,297.500000,274.399994,290.799988,263.395782,5193750
2010-05-31,290.000000,296.600006,274.500000,283.500000,256.783722,4849467
2010-06-07,278.000000,294.399994,272.399994,288.700012,261.493683,6598484
2010-06-14,293.000000,304.000000,288.600006,289.399994,262.127716,5326397
2010-06-21,296.000000,296.899994,269.299988,269.700012,244.284195,5633056
2010-06-28,269.899994,270.799988,246.600006,258.100006,233.777359,8239174
2010-07-05,258.200012,272.899994,253.000000,267.200012,242.019791,3724186
2010-07-12,267.200012,290.899994,260.000000,281.600006,255.062744,5939620
2010-07-19,278.299988,295.799988,271.000000,289.000000,261.765411,6102371
2010-07-26,290.500000,294.299988,274.000000,278.000000,251.802017,4538013
2010-08-02,278.500000,298.700012,278.500000,298.299988,270.188995,5585379
2010-08-09,300.000000,312.399994,287.899994,308.000000,278.974915,7783808
2010-08-16,308.000000,315.000000,233.500000,236.300003,214.031738,27760742
2010-08-23,237.399994,244.000000,224.100006,230.000000,208.325409,8529832
2010-08-30,234.500000,234.800003,214.600006,221.699997,200.807587,10824526
2010-09-06,223.500000,224.000000,203.300003,207.500000,187.945755,12265285
2010-09-13,209.000000,230.000000,208.000000,216.100006,195.735321,8617167
2010-09-20,216.899994,216.899994,202.000000,210.000000,190.210190,7543033
2010-09-27,211.399994,212.199997,197.100006,204.699997,185.409607,8077279
2010-10-04,205.500000,214.199997,200.000000,202.000000,182.964081,5787853
2010-10-11,191.500000,208.500000,191.000000,204.699997,185.409607,6108106
2010-10-18,204.000000,211.600006,195.500000,201.500000,182.511169,8370162
2010-10-25,200.199997,217.500000,166.000000,171.000000,154.885422,23001852
2010-11-01,171.199997,178.000000,165.800003,174.000000,157.602722,10154256
2010-11-08,174.600006,177.800003,168.500000,172.000000,155.791168,5767843
2010-11-15,172.500000,178.899994,171.500000,178.699997,161.859802,5916266
2010-11-22,181.000000,181.199997,162.399994,164.899994,149.360260,8295211
2010-11-29,164.199997,165.600006,154.899994,161.800003,146.552399,8920552
2010-12-06,160.600006,171.800003,159.000000,171.000000,154.885422,5990935
2010-12-13,171.699997,186.600006,167.600006,182.600006,165.392288,7721568
2010-12-20,182.500000,183.399994,171.800003,177.699997,160.954041,4583559
2010-12-27,177.699997,179.100006,175.300003,176.100006,159.504822,2628101
2011-01-03,179.100006,187.399994,176.100006,176.699997,160.048264,5704758
2011-01-10,177.899994,183.399994,176.199997,183.399994,166.116882,4084780
2011-01-17,184.199997,194.699997,181.300003,191.500000,173.453537,6803126
2011-01-24,192.500000,203.300003,184.500000,184.500000,167.113220,6618173
2011-01-31,184.000000,189.600006,179.300003,180.000000,163.037292,3739828
2011-02-07,180.500000,188.500000,170.899994,172.300003,156.062927,8180800
2011-02-14,173.500000,176.600006,167.300003,168.600006,152.711594,4682841
2011-02-21,168.899994,180.699997,168.899994,179.600006,162.674988,4886779
2011-02-28,180.000000,190.199997,178.500000,180.500000,163.490173,6110425
2011-03-07,180.199997,185.600006,177.199997,179.000000,162.131516,3978965
2011-03-14,182.600006,209.100006,182.500000,208.000000,188.398621,16142528
2011-03-21,209.000000,214.500000,195.399994,214.300003,194.104950,7831653
2011-03-28,215.699997,232.500000,215.500000,223.300003,202.256805,11885611
2011-04-04,222.399994,226.000000,196.000000,200.899994,181.967728,11667396
2011-04-11,200.899994,204.600006,189.399994,189.500000,171.642029,6688378
2011-04-18,189.600006,189.600006,178.300003,178.300003,161.497482,6063155
2011-04-25,178.300003,182.100006,173.899994,178.800003,161.950363,4175734
2011-05-02,179.899994,181.699997,155.600006,158.399994,143.472778,15619604
2011-05-09,158.000000,158.800003,154.300003,156.100006,141.389572,8371865
2011-05-16,155.600006,169.100006,153.199997,165.699997,150.084885,6853080
2011-05-23,165.100006,167.500000,145.000000,147.000000,133.147125,12491566
2011-05-30,148.800003,161.199997,148.399994,153.300003,138.853424,7118742
2011-06-06,151.100006,153.399994,142.800003,146.399994,132.603622,6884570
2011-06-13,146.399994,152.399994,133.300003,137.500000,124.542366,8736678
2011-06-20,135.000000,137.000000,111.500000,112.400002,101.807732,12034634
2011-06-27,112.300003,132.000000,111.400002,128.000000,115.937622,14260862
2011-07-04,129.899994,131.800003,124.099998,128.699997,116.571655,9392147
2011-07-11,127.599998,131.000000,123.500000,129.199997,117.024536,7552084
2011-07-18,128.600006,129.699997,121.199997,126.500000,114.578979,5021834
2011-07-25,126.300003,127.000000,112.400002,114.599998,103.800415,4783764
2011-08-01,117.900002,119.800003,94.000000,106.599998,96.554298,10280283
2011-08-08,103.199997,107.000000,88.250000,90.599998,82.062111,14700434
2011-08-15,92.449997,117.599998,88.099998,104.400002,94.561630,20579582
2011-08-22,103.000000,107.400002,97.250000,102.500000,92.840668,8062072
2011-08-29,103.900002,111.000000,102.000000,103.300003,93.565292,6503859
2011-09-05,101.900002,102.199997,93.300003,93.900002,85.051109,6680559
2011-09-12,91.050003,100.900002,87.550003,98.250000,88.991180,8032497
2011-09-19,96.599998,97.800003,80.599998,83.400002,75.540611,6881360
2011-09-26,82.150002,98.650002,80.150002,90.800003,82.243248,9889795
2011-10-03,89.550003,94.199997,82.099998,87.800003,79.525963,9593031
2011-10-10,88.449997,96.000000,85.800003,93.300003,84.507652,8311757
2011-10-17,94.849998,96.849998,87.500000,91.750000,83.103729,8094831
2011-10-24,92.349998,116.500000,91.400002,111.400002,100.901970,13795779
2011-10-31,84.750000,92.000000,78.800003,80.750000,73.140350,21375673
2011-11-07,81.849998,84.599998,75.000000,80.000000,72.461014,11964300
2011-11-14,80.050003,81.949997,72.099998,74.400002,67.388741,9767987
2011-11-21,74.000000,75.250000,68.000000,71.000000,64.309135,7586516
2011-11-28,72.449997,75.400002,70.300003,75.050003,67.977493,10647048
2011-12-05,75.400002,77.000000,65.500000,67.349998,61.003113,11232537
2011-12-12,68.150002,68.500000,63.700001,63.700001,57.697079,9288750
2011-12-19,63.400002,63.750000,58.349998,59.500000,53.892883,9902257
2011-12-26,59.500000,62.950001,58.049999,62.000000,56.157284,6433222
2012-01-02,63.150002,69.900002,54.900002,56.150002,50.858574,29763992
2012-01-09,58.950001,63.250000,56.000000,57.000000,51.628479,23684828
2012-01-16,57.450001,66.599998,56.650002,63.500000,57.515930,13502075
2012-01-23,63.750000,66.550003,62.950001,63.500000,57.515930,9795715
2012-01-30,63.150002,75.000000,61.650002,74.449997,67.434029,16139873
2012-02-06,72.300003,72.449997,56.599998,57.150002,51.764339,28691321
2012-02-13,57.750000,58.500000,49.770000,55.049999,49.862232,20248139
2012-02-20,56.450001,60.500000,55.450001,58.349998,52.851254,14575557
2012-02-27,58.349998,58.950001,55.549999,57.650002,52.217224,9932916
2012-03-05,57.799999,58.349998,53.500000,56.099998,50.813282,11102271
2012-03-12,56.200001,64.250000,54.900002,63.950001,57.923523,20092927
2012-03-19,64.800003,66.349998,57.049999,60.000000,54.345760,13780624
2012-03-26,59.900002,61.049999,55.400002,56.599998,51.266171,11232962
2012-04-02,57.400002,57.450001,52.500000,52.500000,47.552547,7712762
2012-04-09,52.500000,52.750000,47.830002,48.950001,44.337082,16586909
2012-04-16,54.650002,59.750000,49.919998,54.049999,48.956474,22737889
2012-04-23,54.000000,54.000000,50.650002,51.349998,46.510914,7831743
2012-04-30,50.650002,51.200001,44.200001,44.580002,40.378906,18418045
2012-05-07,43.799999,45.500000,41.720001,43.700001,39.581829,11112039
2012-05-14,43.750000,43.849998,38.880001,39.000000,35.324745,7434635
2012-05-21,38.900002,39.119999,36.970001,37.450001,33.920811,11032150
2012-05-28,37.450001,40.900002,34.270000,34.380001,31.140121,22059070
2012-06-04,34.799999,34.820000,30.750000,32.669998,29.591267,11235904
2012-06-11,33.520000,33.660000,29.209999,29.600000,26.810575,16288010
2012-06-18,30.180000,31.690001,29.030001,30.320000,27.462723,12087095
2012-06-25,30.790001,32.900002,28.549999,32.419998,29.364824,16760193
2012-07-02,33.779999,33.779999,28.370001,28.540001,25.850468,13459066
2012-07-09,28.400000,30.520000,24.950001,25.110001,22.743700,24291697
2012-07-16,25.400000,27.469999,25.120001,26.309999,23.830616,8594478
2012-07-23,26.500000,26.500000,24.600000,25.120001,22.752760,7571017
2012-07-30,25.330000,31.480000,24.910000,27.790001,25.171146,20080674
2012-08-06,27.990000,29.510000,27.860001,29.290001,26.529789,7856056
2012-08-13,29.430000,32.830002,28.799999,32.500000,29.437284,11649143
2012-08-20,32.810001,36.310001,30.320000,32.910000,29.808651,23110701
2012-08-27,33.250000,41.470001,33.049999,41.240002,37.353653,22307988
2012-09-03,41.500000,51.250000,40.799999,45.950001,41.619801,29501568
2012-09-10,46.000000,46.950001,34.189999,36.509998,33.069393,23935812
2012-09-17,36.410000,41.200001,36.099998,40.720001,36.882660,17344106
2012-09-24,41.070000,45.750000,40.689999,41.240002,37.353653,14235249
2012-10-01,41.000000,41.720001,35.520000,37.320000,33.803059,12876272
2012-10-08,37.500000,38.500000,34.020000,34.220001,30.995201,8847412
2012-10-15,34.630001,34.930000,32.700001,32.930000,29.826763,6352915
2012-10-22,32.990002,32.990002,30.049999,30.730000,27.834089,8027568
2012-10-29,30.510000,33.990002,29.799999,33.619999,30.451738,7618484
2012-11-05,33.810001,33.939999,25.500000,26.170000,23.703808,16984331
2012-11-12,26.900000,26.900000,23.510000,25.250000,22.870510,8895020
2012-11-19,25.340000,26.340000,23.250000,26.049999,23.595116,9235561
2012-11-26,26.070000,31.940001,25.100000,27.530001,24.935646,19709404
2012-12-03,28.500000,31.350000,27.900000,30.000000,27.172880,12055376
2012-12-10,30.040001,31.950001,29.600000,31.950001,28.939116,7480711
2012-12-17,32.070000,36.500000,31.090000,35.680000,32.317616,14347080
2012-12-24,35.680000,35.849998,31.700001,31.860001,28.857599,4542285
2012-12-31,31.860001,35.900002,31.860001,34.360001,31.122005,7603030
2013-01-07,34.599998,43.369999,34.400002,41.730000,37.797478,19096628
2013-01-14,41.400002,41.490002,36.950001,38.740002,35.089249,12389870
2013-01-21,38.650002,39.450001,36.740002,38.500000,34.871864,8839067
2013-01-28,38.560001,38.790001,33.040001,34.389999,31.149174,8469389
2013-02-04,34.500000,41.900002,33.230000,40.200001,36.411663,18805917
2013-02-11,39.950001,41.369999,37.250000,40.220001,36.429775,8371454
2013-02-18,39.889999,42.560001,39.139999,40.759998,36.918884,9925161
2013-02-25,40.810001,42.150002,40.000000,41.009998,37.145329,8272217
2013-03-04,41.000000,44.000000,40.020000,43.139999,39.074604,9950662
2013-03-11,43.790001,48.110001,43.509998,46.250000,41.891521,13646935
2013-03-18,45.700001,47.950001,45.000000,47.700001,43.204880,7653501
2013-03-25,48.090000,49.950001,45.709999,46.500000,42.117966,7351173
2013-04-01,46.500000,47.250000,41.889999,41.950001,37.996742,7625007
2013-04-08,43.349998,49.189999,43.349998,47.860001,43.349800,10004068
2013-04-15,46.009998,47.650002,42.130001,44.110001,39.953194,9902083
2013-04-22,44.630001,48.090000,44.299999,47.869999,43.358860,6667601
2013-04-29,47.900002,51.450001,47.759998,50.400002,45.650436,8081675
2013-05-06,51.849998,61.299999,50.700001,59.849998,54.209896,12737992
2013-05-13,62.000000,72.699997,61.849998,68.750000,62.271183,20053526
2013-05-20,68.750000,74.849998,66.000000,74.849998,67.796333,11300666
2013-05-27,75.000000,86.500000,74.900002,84.900002,76.899261,21951924
2013-06-03,83.050003,84.699997,68.800003,73.349998,66.437691,15774695
2013-06-10,73.699997,77.300003,68.849998,72.300003,65.486641,8858070
2013-06-17,73.300003,76.449997,71.550003,73.000000,66.120674,6913093
2013-06-24,73.900002,83.849998,69.699997,81.400002,73.729080,10134863
2013-07-01,82.250000,89.000000,78.900002,86.000000,77.895584,9358542
2013-07-08,87.599998,94.949997,86.000000,93.900002,85.051109,10969904
2013-07-15,94.099998,97.849998,90.250000,97.650002,88.447723,6822142
2013-07-22,98.599998,111.599998,98.599998,107.599998,97.460068,15935803
2013-07-29,107.699997,122.500000,104.400002,122.000000,110.503044,14778086
2013-08-05,123.099998,127.199997,105.599998,113.300003,102.622910,20071637
2013-08-12,114.500000,116.599998,111.099998,115.500000,104.615585,8666459
2013-08-19,116.500000,116.500000,95.900002,112.199997,101.626564,25272161
2013-08-26,112.000000,112.000000,98.500000,105.599998,95.648537,15944528
2013-09-02,106.000000,119.800003,105.099998,118.000000,106.879997,11752105
2013-09-09,118.000000,124.800003,117.900002,122.699997,111.137070,12311941
2013-09-16,124.000000,129.000000,122.000000,126.800003,114.850708,8923023
2013-09-23,126.500000,149.899994,121.500000,139.100006,125.991592,17374453
2013-09-30,135.100006,151.300003,133.000000,148.800003,134.777481,16132151
2013-10-07,147.800003,151.500000,138.600006,148.899994,134.868057,11940588
2013-10-14,147.300003,158.899994,145.100006,154.000000,139.487457,11375933
2013-10-21,156.500000,157.699997,144.800003,145.600006,131.879044,8698892
2013-10-28,146.699997,152.800003,137.399994,150.600006,136.407852,10366645
2013-11-04,151.000000,170.399994,142.800003,162.100006,146.824127,25640227
2013-11-11,163.000000,163.300003,151.199997,156.000000,141.298981,10156882
2013-11-18,156.300003,158.399994,148.800003,153.600006,139.125153,8449160
2013-11-25,154.000000,158.800003,153.500000,156.500000,141.751846,4881990
2013-12-02,156.199997,156.899994,138.000000,147.899994,133.962296,13238765
2013-12-09,149.600006,150.800003,143.600006,146.399994,132.603622,7819804
2013-12-16,146.199997,160.399994,144.699997,156.600006,141.842453,11660273
2013-12-23,157.699997,161.500000,157.000000,159.800003,144.740875,2700473
2013-12-30,161.000000,178.100006,158.600006,176.399994,159.776520,10006921
2014-01-06,177.199997,202.600006,176.899994,194.699997,176.351974,20994763
2014-01-13,197.399994,199.699997,190.100006,194.000000,175.717941,10438186
2014-01-20,193.500000,195.300003,177.300003,178.500000,161.678619,10090229
2014-01-27,174.300003,187.699997,163.500000,182.000000,164.848816,21315119
2014-02-03,185.000000,191.800003,163.899994,187.500000,169.830505,28759780
2014-02-10,190.899994,199.699997,188.000000,197.600006,178.978729,15635554
2014-02-17,198.899994,199.000000,193.100006,195.600006,177.167191,8745859
2014-02-24,195.600006,197.300003,188.000000,195.399994,176.986008,8706481
2014-03-03,189.899994,208.500000,185.100006,203.899994,184.685013,17077601
2014-03-10,202.000000,207.899994,186.800003,188.300003,170.555099,13407628
2014-03-17,188.699997,204.399994,188.600006,201.399994,182.420593,16089075
2014-03-24,200.500000,212.899994,193.800003,212.500000,192.474564,14164782
2014-03-31,216.000000,236.500000,216.000000,235.600006,213.397690,14891050
2014-04-07,231.000000,239.199997,221.000000,228.100006,206.604462,13676130
2014-04-14,225.899994,227.000000,214.000000,220.899994,200.082977,9656454
2014-04-21,220.899994,238.500000,220.899994,226.899994,205.517548,8669045
2014-04-28,230.800003,244.899994,227.800003,242.399994,219.556854,8807752
2014-05-05,244.000000,267.000000,238.399994,264.799988,239.845947,14999286
2014-05-12,267.000000,278.799988,260.399994,265.000000,240.027130,12393445
2014-05-19,269.000000,282.899994,262.600006,278.100006,251.892609,13418462
2014-05-26,280.100006,294.399994,279.899994,292.799988,265.207245,16361773
2014-06-02,292.500000,301.700012,280.399994,300.200012,271.909973,12941178
2014-06-09,300.200012,303.000000,279.299988,286.899994,259.863312,11459634
2014-06-16,284.000000,284.399994,264.399994,279.200012,252.888931,14130639
2014-06-23,280.000000,283.000000,263.200012,267.000000,241.838608,9454461
2014-06-30,282.000000,284.000000,268.299988,269.299988,243.921890,10365084
2014-07-07,268.000000,269.700012,245.100006,258.100006,233.777359,12857911
2014-07-14,259.000000,263.200012,249.199997,253.800003,229.882584,8323541
2014-07-21,254.100006,264.500000,250.399994,261.299988,236.675766,5815976
2014-07-28,261.299988,262.899994,241.500000,247.399994,224.085693,7441951
2014-08-04,249.000000,255.800003,233.399994,237.199997,214.846909,9178683
2014-08-11,243.000000,268.500000,242.000000,259.600006,235.136002,10218956
2014-08-18,263.899994,290.000000,249.300003,254.699997,230.697754,18873457
2014-08-25,257.000000,257.799988,237.600006,238.600006,216.114990,12166886
2014-09-01,239.899994,247.300003,232.800003,241.000000,218.288788,8332006
2014-09-08,242.399994,243.399994,225.300003,236.199997,213.941162,8760612
2014-09-15,235.000000,238.800003,220.100006,232.100006,210.227524,11926023
2014-09-22,235.600006,242.300003,228.000000,236.600006,214.303467,9522596
2014-09-29,235.800003,237.399994,200.199997,217.399994,196.912796,11193345
2014-10-06,219.899994,220.000000,179.500000,181.399994,164.305344,17740874
2014-10-13,176.000000,187.699997,162.500000,178.699997,161.859802,21324789
2014-10-20,184.899994,200.699997,177.199997,190.500000,172.547760,16736114
2014-10-27,193.500000,199.300003,186.100006,198.800003,180.065628,9125223
2014-11-03,199.199997,236.899994,196.100006,236.600006,214.303467,18694947
2014-11-10,240.000000,242.000000,220.000000,229.699997,208.053711,14754900
2014-11-17,230.000000,239.199997,226.500000,238.000000,215.571533,9132751
2014-11-24,239.000000,244.000000,220.199997,220.399994,199.630096,8812865
2014-12-01,217.699997,239.300003,207.500000,238.500000,216.024414,11833991
2014-12-08,237.699997,240.199997,221.600006,222.000000,201.079330,9679764
2014-12-15,220.800003,231.100006,204.399994,228.300003,206.785614,11266183
2014-12-22,231.600006,235.500000,228.100006,230.199997,208.506577,2994679
2014-12-29,230.199997,242.000000,223.100006,240.600006,217.926498,5407263
2015-01-05,240.500000,249.899994,232.399994,236.100006,213.850586,14571009
2015-01-12,236.000000,239.600006,215.699997,227.399994,205.970428,9749493
2015-01-19,228.500000,248.399994,223.500000,245.199997,222.093002,9919864
2015-01-26,244.000000,263.600006,242.600006,258.500000,234.139664,11077329
2015-02-02,262.500000,287.899994,259.399994,281.899994,255.334473,11837033
2015-02-09,287.899994,289.200012,252.300003,262.100006,237.400406,16901008
2015-02-16,261.200012,282.200012,257.200012,275.200012,249.265900,10434313
2015-02-23,279.399994,283.500000,276.299988,281.100006,254.609894,6840319
2015-03-02,281.000000,282.500000,264.600006,280.700012,254.247559,7294600
2015-03-09,279.000000,287.600006,270.700012,283.600006,256.874298,7310631
2015-03-16,286.000000,291.700012,278.200012,290.600006,263.214630,8530403
2015-03-23,291.000000,298.000000,283.799988,288.700012,261.493683,9001050
2015-03-30,290.600006,296.700012,286.700012,296.399994,268.468079,5993851
2015-04-06,296.399994,319.700012,296.399994,317.299988,291.313446,9784506
2015-04-13,317.899994,322.399994,302.500000,303.500000,278.643646,8828271
2015-04-20,303.000000,320.899994,301.899994,310.600006,285.162170,9290163
2015-04-27,313.000000,314.500000,293.000000,303.100006,278.276459,7058982
2015-05-04,314.700012,335.399994,310.100006,329.000000,302.055237,17125947
2015-05-11,332.000000,332.500000,325.000000,326.600006,299.851807,4563321
2015-05-18,328.500000,346.600006,328.200012,344.399994,316.194000,8735130
2015-05-25,344.399994,351.100006,344.200012,346.799988,318.397400,5620222
2015-06-01,340.000000,340.799988,325.000000,331.899994,304.717773,8148197
2015-06-08,328.000000,331.899994,313.399994,325.200012,298.566437,6816813
2015-06-15,323.799988,327.100006,308.200012,322.299988,295.903961,7151831
2015-06-22,329.500000,340.799988,327.799988,338.200012,310.501801,10153739
2015-06-29,322.000000,351.399994,322.000000,345.100006,316.836670,8862132
2015-07-06,337.500000,360.000000,332.000000,359.799988,330.332764,8353009
2015-07-13,365.600006,379.000000,362.500000,375.000000,344.287903,6570607
2015-07-20,376.299988,399.799988,374.000000,392.000000,359.895599,7936642
2015-07-27,391.299988,391.299988,356.600006,370.899994,340.523682,8289621
2015-08-03,372.899994,392.000000,372.000000,376.299988,345.481415,6770269
2015-08-10,378.000000,384.399994,363.799988,378.700012,347.684906,5515592
2015-08-17,383.299988,388.399994,339.299988,339.299988,311.511658,14716335
2015-08-24,319.700012,365.700012,314.000000,356.899994,327.670258,15050541
2015-08-31,355.000000,364.899994,345.700012,351.399994,322.620728,7701714
2015-09-07,354.799988,362.700012,346.299988,354.399994,325.375031,5830740
2015-09-14,355.200012,358.000000,343.200012,347.200012,318.764679,6036965
2015-09-21,345.399994,353.500000,324.399994,338.399994,310.685394,6370693
2015-09-28,337.200012,357.799988,317.600006,348.399994,319.866364,6954033
2015-10-05,355.000000,382.500000,353.600006,381.100006,349.888336,7718332
2015-10-12,381.000000,384.299988,366.299988,371.899994,341.441742,5594884
2015-10-19,373.299988,391.600006,372.299988,390.399994,358.426636,4808761
2015-10-26,391.799988,401.000000,387.700012,395.299988,362.925293,6415203
2015-11-02,395.000000,422.399994,389.000000,418.200012,383.949890,12263318
2015-11-09,421.799988,426.200012,414.000000,416.899994,382.756348,6590200
2015-11-16,419.299988,441.399994,414.600006,433.299988,397.813171,3996789
2015-11-23,432.100006,454.299988,427.200012,453.700012,416.542480,4439464
2015-11-30,445.000000,472.500000,444.000000,457.899994,420.398438,4280512
2015-12-07,458.600006,463.399994,439.000000,440.700012,404.607117,4037901
2015-12-14,446.200012,488.799988,443.299988,477.500000,438.393219,4734120
2015-12-21,489.700012,489.700012,470.000000,479.000000,439.770416,2859480
2015-12-28,480.500000,485.899994,475.299988,483.799988,444.177277,2003996
2016-01-04,479.000000,479.799988,449.000000,449.000000,412.227386,5039561
2016-01-11,440.299988,464.200012,407.100006,408.899994,375.411499,7785339
2016-01-18,400.899994,443.500000,399.000000,429.200012,394.048950,8551277
2016-01-25,435.000000,455.000000,421.399994,447.899994,411.217468,6159322
2016-02-01,450.000000,454.000000,418.600006,422.100006,387.530457,6666616
2016-02-08,420.500000,437.200012,381.399994,411.299988,377.614929,12285685
2016-02-15,421.000000,452.500000,421.000000,441.399994,405.249786,6094344
2016-02-22,445.600006,468.299988,443.600006,461.200012,423.428223,6252702
2016-02-29,457.100006,483.500000,455.600006,462.299988,424.438141,4857881
2016-03-07,460.100006,465.600006,444.000000,451.100006,414.155396,4256513
2016-03-14,453.899994,473.000000,449.399994,466.100006,427.926910,5179909
2016-03-21,466.000000,467.100006,454.100006,465.500000,427.376007,1840821
2016-03-28,465.500000,473.299988,453.500000,462.000000,424.162689,4239867
2016-04-04,461.399994,467.100006,450.399994,458.799988,427.424316,3870438
2016-04-11,457.200012,463.100006,448.200012,449.600006,418.853485,4101613
2016-04-18,445.000000,455.799988,428.399994,435.500000,405.717743,4429695
2016-04-25,431.000000,468.399994,424.399994,465.000000,433.200317,7656073
2016-05-02,461.200012,463.600006,431.700012,437.299988,407.394592,3776802
2016-05-09,449.000000,457.700012,446.000000,448.399994,417.735565,4400766
2016-05-16,448.399994,453.000000,437.000000,442.899994,412.611664,2675423
2016-05-23,442.000000,480.700012,438.100006,476.000000,443.448090,6395396
2016-05-30,477.000000,481.899994,469.200012,474.100006,441.678009,5109367
2016-06-06,475.000000,475.799988,449.100006,449.100006,418.387665,3957492
2016-06-13,438.000000,446.600006,421.299988,437.799988,407.860413,6606574
2016-06-20,456.000000,467.899994,405.500000,436.399994,406.556213,6869941
2016-06-27,432.000000,461.500000,417.100006,459.000000,427.610626,6467186
2016-07-04,461.399994,463.000000,431.000000,442.500000,412.239044,4004143
2016-07-11,446.000000,459.500000,443.200012,449.299988,418.573975,3282302
2016-07-18,449.299988,460.500000,444.100006,457.899994,426.585846,3143458
2016-07-25,456.000000,473.600006,452.500000,464.399994,432.641357,3353462
2016-08-01,467.500000,478.500000,453.100006,473.899994,441.491669,3673256
2016-08-08,474.399994,491.899994,474.000000,490.899994,457.329132,3720348
2016-08-15,491.500000,548.000000,483.299988,539.000000,502.139740,8590117
2016-08-22,538.500000,566.000000,538.500000,557.000000,518.908752,4837231
2016-08-29,556.500000,562.500000,546.000000,560.000000,521.703613,3216276
2016-09-05,561.500000,569.000000,550.000000,550.000000,512.387573,2689524
2016-09-12,536.000000,557.500000,533.500000,547.000000,509.592682,3250519
2016-09-19,549.500000,561.500000,548.500000,551.500000,513.784912,2560374
2016-09-26,550.000000,553.000000,536.000000,545.500000,508.195282,2880443
2016-10-03,546.000000,562.500000,545.500000,548.000000,510.524261,3184976
2016-10-10,549.000000,553.500000,515.500000,532.500000,496.084320,4054640
2016-10-17,530.000000,548.000000,528.500000,545.000000,507.729431,2362382
2016-10-24,547.500000,556.500000,534.500000,540.500000,503.537109,2313464
2016-10-31,536.500000,549.000000,495.200012,497.799988,463.757233,4934600
2016-11-07,520.000000,540.000000,406.000000,432.500000,402.922913,17373161
2016-11-14,436.399994,446.600006,432.700012,440.299988,410.189484,5785483
2016-11-21,441.799988,470.000000,428.899994,469.000000,436.926788,5956159
2016-11-28,473.100006,479.100006,437.500000,437.500000,407.580994,6219220
2016-12-05,436.000000,443.299988,395.899994,397.000000,369.850647,8824082
2016-12-12,397.299988,436.600006,392.299988,432.500000,402.922913,8106859
2016-12-19,432.500000,445.000000,425.500000,438.700012,408.698914,4758173
2016-12-26,438.700012,459.399994,437.700012,459.000000,427.610626,3592268
2017-01-02,461.899994,495.000000,460.200012,470.399994,438.231018,7207259
2017-01-09,473.000000,485.500000,469.899994,475.500000,442.982269,4715954
2017-01-16,478.000000,479.899994,468.899994,476.299988,443.727570,3243606
2017-01-23,472.299988,485.100006,459.000000,485.100006,451.925781,4670505
2017-01-30,481.000000,509.500000,476.200012,507.000000,472.328094,4865161
2017-02-06,508.000000,512.000000,491.899994,504.500000,469.999084,6666076
2017-02-13,506.500000,521.000000,499.399994,517.000000,481.644226,4396219
2017-02-20,518.000000,533.500000,510.500000,520.500000,484.904907,4730002
2017-02-27,522.500000,532.500000,509.000000,520.500000,484.904907,3559627
2017-03-06,522.000000,528.000000,515.000000,525.000000,489.097137,3578061
2017-03-13,525.000000,535.000000,521.500000,529.500000,493.289368,3693087
2017-03-20,529.500000,552.000000,524.500000,550.500000,512.853271,4911812
2017-03-27,546.000000,570.000000,544.500000,567.000000,528.224915,4603817
2017-04-03,567.000000,578.500000,559.000000,565.500000,526.827454,4334753
2017-04-10,567.500000,578.500000,565.000000,574.500000,544.413574,1968526
2017-04-17,574.500000,584.000000,568.500000,571.000000,541.096802,3587979
2017-04-24,581.000000,592.000000,576.000000,588.000000,557.206604,3489096
2017-05-01,587.000000,622.000000,582.500000,621.000000,588.478333,5516810
2017-05-08,630.000000,632.500000,609.000000,616.500000,584.214050,3694095
2017-05-15,621.500000,622.500000,583.500000,603.500000,571.894775,4822727
2017-05-22,601.500000,610.500000,595.500000,599.000000,567.630493,1790517
2017-05-29,597.500000,601.000000,567.500000,574.000000,543.939697,5021691
2017-06-05,574.000000,614.500000,569.000000,614.500000,582.318787,5061019
2017-06-12,614.500000,623.500000,593.000000,595.500000,564.313782,4474799
2017-06-19,599.000000,604.500000,580.500000,588.500000,557.680359,3818889
2017-06-26,584.500000,602.000000,571.000000,601.000000,569.525757,4593754
2017-07-03,618.000000,625.000000,608.500000,617.500000,585.161621,3878755
2017-07-10,618.500000,619.500000,606.500000,619.000000,586.583069,2253281
2017-07-17,618.500000,623.500000,610.000000,612.000000,579.949707,2512959
2017-07-24,613.000000,627.500000,604.000000,614.500000,582.318787,4223829
2017-07-31,615.000000,624.000000,586.000000,600.500000,569.051880,4663282
2017-08-07,599.500000,616.000000,596.000000,607.000000,575.211548,2985195
2017-08-14,612.500000,622.500000,570.500000,587.500000,556.732666,8585860
2017-08-21,587.000000,587.000000,563.500000,566.000000,536.358643,4823016
2017-08-28,565.000000,577.500000,551.000000,575.000000,544.887390,3987707
2017-09-04,572.000000,580.500000,560.000000,560.500000,531.146667,3688760
2017-09-11,563.000000,577.500000,543.000000,543.500000,515.036987,4595014
2017-09-18,547.000000,562.500000,543.000000,547.000000,518.353699,3705166
2017-09-25,545.500000,579.000000,543.000000,565.000000,535.411072,4495822
2017-10-02,566.000000,577.000000,549.000000,561.500000,532.094360,5798114
2017-10-09,562.000000,580.000000,557.500000,573.000000,542.992126,3523407
2017-10-16,563.500000,565.000000,533.000000,538.000000,509.825043,5075233
2017-10-23,540.000000,557.500000,531.500000,556.000000,526.882385,2916053
2017-10-30,556.000000,574.000000,499.700012,517.000000,489.924774,6994112
2017-11-06,517.000000,535.500000,400.200012,417.000000,395.161774,19542747
2017-11-13,418.000000,427.399994,388.700012,416.500000,394.687958,12795843
2017-11-20,413.500000,413.500000,362.200012,366.399994,347.211700,13381250
2017-11-27,366.399994,406.600006,357.399994,384.500000,364.363800,14560267
2017-12-04,380.100006,400.899994,357.500000,400.600006,379.620636,10782299
2017-12-11,400.600006,426.899994,384.299988,419.000000,397.057068,11264262
2017-12-18,437.000000,443.600006,418.899994,432.899994,410.229095,8249503
2017-12-25,432.899994,446.000000,422.000000,428.799988,406.343811,4003208
2018-01-01,428.799988,448.100006,420.399994,426.500000,404.164276,6411658
2018-01-08,429.299988,452.600006,415.600006,427.500000,405.111877,9982013
2018-01-15,427.700012,445.600006,425.600006,432.299988,409.660492,6089108
2018-01-22,433.799988,444.899994,400.500000,402.100006,381.042114,7681621
2018-01-29,404.000000,428.700012,391.000000,404.200012,383.032135,7769254
2018-02-05,401.799988,435.000000,377.200012,428.899994,406.438599,12102649
2018-02-12,431.000000,436.299988,417.000000,426.399994,404.069489,5509082
2018-02-19,426.399994,452.200012,424.200012,447.000000,423.590668,5073102
2018-02-26,450.000000,457.299988,428.700012,428.700012,406.249023,5018635
2018-03-05,426.500000,442.899994,425.399994,431.500000,408.902405,4398315
2018-03-12,433.000000,440.799988,425.100006,429.399994,406.912384,5330452
2018-03-19,429.299988,448.000000,425.700012,436.799988,413.924835,4458244
2018-03-26,437.200012,446.299988,426.500000,429.799988,407.291412,3521676
2018-04-02,429.799988,444.000000,418.600006,435.899994,413.071991,5508247
2018-04-09,437.200012,443.200012,411.399994,415.299988,401.905731,4969126
2018-04-16,416.899994,421.200012,405.200012,411.000000,397.744446,4352313
2018-04-23,414.000000,414.700012,400.200012,408.100006,394.937958,3531836
2018-04-30,405.000000,417.799988,391.600006,413.600006,400.260590,7755056
2018-05-07,414.000000,445.399994,413.600006,440.100006,425.905884,4648103
2018-05-14,440.899994,453.500000,430.299988,450.799988,436.260803,5264942
2018-05-21,450.799988,455.700012,422.799988,429.200012,415.357452,2714516
2018-05-28,430.500000,432.399994,409.200012,423.799988,410.131592,4441573
2018-06-04,427.000000,429.000000,407.600006,407.600006,394.454102,2482192
2018-06-11,410.000000,422.799988,407.299988,419.399994,405.873505,3461023
2018-06-18,422.799988,430.399994,403.299988,410.799988,397.550873,3990790
2018-06-25,410.600006,411.299988,381.399994,395.000000,382.260437,4079763
2018-07-02,392.600006,396.500000,380.799988,385.500000,373.066864,3157050
2018-07-09,386.500000,401.899994,386.299988,389.200012,376.647491,2997588
2018-07-16,389.200012,421.000000,388.500000,419.000000,405.486450,2748506
2018-07-23,419.000000,425.000000,398.200012,402.799988,389.808868,3688155
2018-07-30,402.399994,412.500000,400.399994,405.000000,391.937927,2489810
2018-08-06,406.100006,413.299988,400.700012,404.700012,391.647644,2391983
2018-08-13,406.000000,431.600006,386.700012,410.500000,397.260559,7150820
2018-08-20,412.000000,443.600006,410.299988,436.200012,422.131683,3982723
2018-08-27,437.000000,458.600006,436.899994,447.500000,433.067230,4419234
2018-09-03,442.000000,445.000000,426.000000,435.000000,420.970367,3446404
2018-09-10,435.200012,441.100006,414.000000,416.799988,403.357361,3209542
2018-09-17,414.500000,439.799988,412.799988,437.799988,423.680054,3860383
2018-09-24,437.799988,441.299988,421.100006,434.399994,420.389740,3489136
2018-10-01,430.000000,432.000000,396.700012,400.500000,387.583099,4671974
2018-10-08,400.000000,409.000000,380.000000,402.500000,389.518555,3964562
2018-10-15,404.000000,426.000000,399.500000,414.299988,400.937988,2793543
2018-10-22,414.500000,420.399994,404.000000,407.100006,393.970215,3407278
2018-10-29,409.399994,428.899994,395.799988,410.100006,396.873444,4739634
2018-11-05,409.200012,496.899994,400.500000,484.500000,468.873901,9168224
2018-11-12,483.399994,484.000000,460.399994,465.200012,450.196381,4365467
2018-11-19,465.799988,471.500000,450.100006,469.899994,454.744781,2637764
2018-11-26,471.500000,499.399994,470.299988,492.000000,476.132019,4586247
2018-12-03,501.000000,509.200012,489.899994,499.600006,483.486908,3760193
2018-12-10,485.500000,532.000000,482.700012,525.000000,508.067657,4457429
2018-12-17,522.599976,524.200012,490.600006,501.000000,484.841736,4664215
2018-12-24,501.000000,509.600006,488.500000,492.100006,476.228790,1259740
2018-12-31,492.100006,503.399994,487.299988,495.299988,479.325562,2015353
2019-01-07,501.000000,549.000000,494.000000,504.600006,488.325653,4739201
2019-01-14,504.399994,518.599976,499.000000,518.599976,501.874054,2091501
2019-01-21,519.000000,527.799988,510.200012,518.200012,501.487061,2412692
2019-01-28,518.200012,554.200012,505.000000,544.000000,526.454895,3660589
2019-02-04,544.000000,544.400024,501.200012,513.799988,497.228912,4525383
2019-02-11,515.599976,558.599976,515.599976,554.000000,536.132385,4057459
2019-02-18,554.000000,558.000000,546.200012,547.000000,529.358154,2717997
2019-02-25,548.000000,552.000000,539.200012,539.799988,522.390320,2333279
2019-03-04,542.000000,551.200012,523.599976,523.799988,506.906342,2705445
2019-03-11,524.000000,567.599976,523.799988,560.000000,541.938904,3658772
2019-03-18,561.000000,575.799988,540.400024,542.000000,524.519409,2345640
2019-03-25,537.799988,560.000000,534.400024,560.000000,541.938904,2392985
2019-04-01,569.700012,595.200012,566.200012,591.200012,572.132629,2961858
2019-04-08,588.599976,599.799988,588.599976,594.000000,582.118774,2591417
2019-04-15,595.000000,608.000000,592.400024,603.400024,591.330811,1402441
2019-04-22,603.400024,615.799988,597.599976,608.799988,596.622742,2032865
2019-04-29,609.000000,612.000000,585.200012,589.200012,577.414795,2263520
2019-05-06,579.000000,603.599976,557.599976,570.000000,558.598877,4732963
2019-05-13,568.000000,570.599976,541.799988,559.000000,547.818848,3014907
2019-05-20,562.000000,570.000000,537.200012,553.200012,542.134888,3335708
2019-05-27,556.599976,572.000000,548.000000,548.000000,537.038879,2055156
2019-06-03,549.000000,554.400024,525.000000,548.400024,537.430908,2724193
2019-06-10,548.400024,570.799988,548.400024,569.000000,557.618835,2345321
2019-06-17,569.200012,595.400024,567.200012,591.799988,579.962769,3792046
2019-06-24,590.599976,601.400024,559.000000,567.000000,555.658875,3147723
2019-07-01,590.599976,600.000000,579.200012,582.400024,570.750854,2647617
2019-07-08,581.000000,604.400024,579.599976,582.400024,570.750854,2331132
2019-07-15,585.400024,595.000000,579.599976,591.599976,579.766724,1536294
2019-07-22,593.400024,598.200012,586.400024,589.000000,577.218750,1708064
2019-07-29,589.000000,595.400024,545.799988,551.599976,540.566895,3480407
2019-08-05,548.799988,564.000000,533.000000,549.000000,538.018921,2559327
2019-08-12,553.599976,556.000000,496.200012,505.399994,495.290955,4786285
2019-08-19,505.600006,541.200012,500.399994,536.400024,525.670959,3325915
2019-08-26,527.400024,537.599976,485.200012,498.500000,488.528961,5112179
2019-09-02,498.500000,511.000000,492.100006,505.600006,495.486969,2336263
2019-09-09,507.200012,564.000000,506.200012,553.799988,542.722839,4223031
2019-09-16,554.799988,565.400024,540.400024,551.599976,540.566895,3406789
2019-09-23,551.400024,559.799988,534.200012,545.000000,534.098877,2432121
2019-09-30,544.799988,545.400024,509.000000,526.000000,515.478943,3026313
2019-10-07,527.000000,539.400024,510.600006,539.400024,528.610901,2890783
2019-10-14,539.400024,543.400024,515.599976,527.000000,516.458923,2375354
2019-10-21,528.200012,547.599976,527.599976,546.799988,535.862915,1779857
2019-10-28,548.000000,560.000000,533.000000,559.599976,548.406860,2366340
2019-11-04,560.000000,625.400024,533.200012,624.400024,611.910767,7258783
2019-11-11,623.400024,647.599976,619.000000,646.599976,633.666626,3816853
2019-11-18,646.000000,651.400024,629.000000,633.000000,620.338684,3142510
2019-11-25,633.000000,651.000000,626.000000,645.400024,632.490723,3124726
2019-12-02,647.200012,668.599976,646.200012,668.599976,655.226624,3223420
2019-12-09,668.000000,702.799988,653.599976,681.000000,667.378601,2595321
2019-12-16,683.000000,701.000000,666.799988,668.599976,655.226624,3918222
2019-12-23,667.400024,683.000000,666.000000,682.799988,669.142578,716269
2019-12-30,681.200012,685.000000,645.599976,648.599976,635.626648,1933480
2020-01-06,644.000000,653.799988,633.200012,637.000000,624.258728,3238442
2020-01-13,637.000000,663.200012,625.200012,662.000000,648.758606,3677026
2020-01-20,664.000000,671.200012,657.000000,670.000000,656.598633,2566439
2020-01-27,661.000000,690.400024,652.799988,672.799988,659.342590,3553189
2020-02-03,674.000000,734.200012,661.000000,716.400024,702.070557,6828208
2020-02-10,716.000000,723.000000,685.599976,696.400024,682.470581,3452577
2020-02-17,699.400024,720.799988,688.000000,720.799988,706.382568,3094656
2020-02-24,702.400024,707.799988,631.200012,649.400024,636.410706,5554757
2020-03-02,660.400024,710.400024,643.000000,676.000000,662.478638,4442332
2020-03-09,630.000000,655.000000,547.599976,555.799988,544.682861,6988470
2020-03-16,511.600006,558.400024,473.000000,518.799988,508.422913,7289024
2020-03-23,496.100006,577.400024,478.500000,549.000000,538.018921,5764666
2020-03-30,555.000000,575.400024,531.599976,575.400024,563.890869,5386604
2020-04-06,588.400024,599.799988,562.000000,580.400024,568.790833,2872628
2020-04-13,580.400024,607.000000,567.799988,588.599976,584.634399,3769027
2020-04-20,588.599976,591.200012,558.200012,561.400024,557.617676,3128636
2020-04-27,568.000000,604.799988,566.000000,582.599976,578.674805,3049551
2020-05-04,576.799988,609.000000,560.000000,593.599976,589.600708,3556056
2020-05-11,601.799988,628.000000,582.400024,608.000000,603.903687,4035427
2020-05-18,615.200012,642.400024,614.799988,631.200012,626.947388,2176962
2020-05-25,632.799988,690.799988,630.000000,683.799988,679.192993,4757315
2020-06-01,683.799988,707.200012,683.799988,701.599976,696.873047,1717083
2020-06-08,710.000000,731.400024,647.000000,662.599976,658.135803,3764399
2020-06-15,649.400024,689.000000,646.200012,663.599976,659.129089,3571767
2020-06-22,656.000000,688.799988,651.000000,664.000000,659.526428,2703723
2020-06-29,663.000000,717.200012,655.799988,705.400024,700.647522,2891969
2020-07-06,711.000000,754.000000,701.200012,742.400024,737.398193,2983449
2020-07-13,746.000000,807.200012,731.400024,800.200012,794.808777,3035448
2020-07-20,803.200012,868.599976,801.599976,848.000000,842.286743,3180833
2020-07-27,843.000000,848.799988,799.400024,811.799988,806.330627,2887948
2020-08-03,811.000000,856.400024,807.799988,856.400024,850.630127,2250657
2020-08-10,854.400024,933.200012,842.400024,928.799988,922.542358,3658705
2020-08-17,922.799988,943.200012,912.000000,929.400024,923.138306,1927527
2020-08-24,935.000000,968.000000,930.799988,942.599976,936.249329,1989781
2020-08-31,943.000000,1004.000000,913.400024,924.599976,918.370605,2819300
2020-09-07,924.799988,957.000000,905.000000,941.400024,935.057495,2263557
2020-09-14,947.000000,976.200012,939.000000,976.200012,969.622986,2125895
2020-09-21,973.599976,977.599976,943.799988,956.799988,950.353699,1786997
2020-09-28,960.000000,1059.000000,960.000000,1049.500000,1042.429199,2651451
2020-10-05,1065.000000,1118.500000,1042.500000,1090.000000,1082.656250,2446084
2020-10-12,1099.000000,1166.000000,1093.500000,1133.000000,1125.366577,2485612
2020-10-19,1136.000000,1139.500000,1041.500000,1062.000000,1054.844971,2482968
2020-10-26,1044.500000,1110.500000,1004.500000,1091.000000,1083.649536,3245207
2020-11-02,1110.000000,1158.000000,973.000000,1151.500000,1143.741943,4677011
2020-11-09,1240.000000,1240.000000,1103.000000,1172.500000,1164.600464,3804251
2020-11-16,1177.000000,1242.500000,1130.000000,1242.000000,1233.632202,3026624
2020-11-23,1250.000000,1252.500000,1170.500000,1234.000000,1225.686157,3050119
2020-11-30,1237.000000,1287.000000,1189.000000,1212.000000,1203.834351,3799793
2020-12-07,1215.000000,1261.000000,1199.500000,1251.500000,1243.068237,2391877
2020-12-14,1261.000000,1341.000000,1241.000000,1333.000000,1324.019165,2791116
2020-12-21,1320.500000,1436.000000,1301.500000,1391.000000,1381.628296,1427045
2020-12-28,1411.500000,1493.000000,1402.500000,1439.500000,1429.801636,1365830
2021-01-04,1445.000000,1605.000000,1438.000000,1560.000000,1549.489746,3748682
2021-01-11,1550.000000,1556.500000,1350.000000,1363.000000,1353.817017,4795270
2021-01-18,1352.000000,1497.000000,1332.000000,1463.000000,1453.143311,3422464
2021-01-25,1486.500000,1486.500000,1236.000000,1334.000000,1325.012329,4209746
2021-02-01,1338.000000,1404.000000,1314.500000,1336.000000,1326.998901,2648446
2021-02-08,1336.000000,1340.500000,1206.500000,1301.000000,1292.234741,4496855
2021-02-15,1315.000000,1376.000000,1245.500000,1274.500000,1265.913208,3101203
2021-02-22,1268.500000,1269.500000,1127.500000,1154.500000,1146.721680,4853839
2021-03-01,1173.000000,1197.000000,1041.000000,1042.500000,1035.476318,4053664
2021-03-08,1060.000000,1204.000000,1024.500000,1173.000000,1165.097046,3989346
2021-03-15,1202.000000,1202.000000,1073.000000,1115.500000,1107.984497,4435444
2021-03-22,1110.000000,1194.000000,1095.000000,1187.000000,1179.002808,3604999
2021-03-29,1196.500000,1307.500000,1172.500000,1302.000000,1293.228027,2569666
2021-04-05,1302.000000,1369.000000,1215.199951,1254.800049,1246.346069,3107202
2021-04-09,1249.800049,1267.800049,1234.000000,1254.800049,1254.800049,455941
